7.170007115712355699e+02
7.152307115712355881e+02
7.134607115712356062e+02
7.116907115712353971e+02
7.099207115712356426e+02
7.081507115712354334e+02
7.063807115712356790e+02
7.046107115712354698e+02
7.028407115712354880e+02
7.010707115712355062e+02
6.993007115712355244e+02
6.975307115712355426e+02
6.957607115712355608e+02
6.939907115712355790e+02
6.922207115712355971e+02
6.904507115712356153e+02
6.886807115712354062e+02
6.869107115712356517e+02
6.851407115712354425e+02
6.833707115712356881e+02
6.816007115712354789e+02
6.798307115712354971e+02
6.780607115712355153e+02
6.762907115712355335e+02
6.745207115712355517e+02
6.727507115712355699e+02
6.709807115712353607e+02
6.692107115712356062e+02
6.674407115712353971e+02
6.656707115712356426e+02
6.639007115712354334e+02
6.621307115712354516e+02
6.603607115712356972e+02
6.585907115712354880e+02
6.568207115712357336e+02
6.550507115712355244e+02
6.532807115712355426e+02
6.515107115712355608e+02
6.497407115712355790e+02
6.479707115712355971e+02
6.462007115712356153e+02
6.444307115712354062e+02
6.426607115712356517e+02
6.408907115712354425e+02
6.391207115712356881e+02
6.373507115712354789e+02
6.355807115712354971e+02
6.338107115712355153e+02
6.320407115712355335e+02
6.302707115712355517e+02
6.285007115712355699e+02
6.267307115712353607e+02
6.249607115712356062e+02
6.231907115712356244e+02
6.214207115712356426e+02
6.196507115712356608e+02
6.178807115712354516e+02
6.161107115712356972e+02
6.143407115712354880e+02
6.125707115712357336e+02
6.108007115712355244e+02
6.090307115712355426e+02
6.072607115712355608e+02
6.054907115712355790e+02
6.037207115712355971e+02
6.019507115712356153e+02
6.001807115712354062e+02
5.984107115712356517e+02
5.966407115712354425e+02
5.948707115712354607e+02
5.931007115712354789e+02
5.913307115712354971e+02
5.895607115712355153e+02
5.877907115712355335e+02
5.860207115712355517e+02
5.842507115712355699e+02
5.824807115712355881e+02
5.807107115712356062e+02
5.789407115712356244e+02
5.771707115712354152e+02
5.754007115712356608e+02
5.736307115712354516e+02
5.718607115712356972e+02
5.700907115712354880e+02
5.683207115712355062e+02
5.665507115712355244e+02
5.647807115712355426e+02
5.630107115712355608e+02
5.612407115712355790e+02
5.594707115712353698e+02
5.577007115712356153e+02
5.559307115712354062e+02
5.541607115712356517e+02
5.523907115712354425e+02
5.506207115712354607e+02
5.488507115712357063e+02
5.470807115712354971e+02
5.453107115712357427e+02
5.435407115712355335e+02
5.417707115712355517e+02
5.400007115712355699e+02
5.382307115712355881e+02
5.364607115712356062e+02
5.346907115712356244e+02
5.329207115712354152e+02
5.311507115712356608e+02
5.293807115712354516e+02
5.276107115712356972e+02
5.258407115712354880e+02
5.240707115712355062e+02
5.223007115712355244e+02
5.205307115712355426e+02
5.187607115712355608e+02
5.169907115712355790e+02
5.152207115712353698e+02
5.134507115712356153e+02
5.116807115712354062e+02
5.099107115712356517e+02
5.081407115712356699e+02
5.063707115712354607e+02
5.046007115712357063e+02
5.028307115712354971e+02
5.010607115712355153e+02
4.992907115712355335e+02
4.975207115712355517e+02
4.957507115712355699e+02
4.939807115712355881e+02
4.922107115712356062e+02
4.904407115712356244e+02
4.886707115712354152e+02
4.869007115712356608e+02
4.851307115712354516e+02
4.833607115712354698e+02
4.815907115712354880e+02
4.798207115712355062e+02
4.780507115712355244e+02
4.762807115712355426e+02
4.745107115712353334e+02
4.727407115712355790e+02
4.709707115712355971e+02
4.692007115712356153e+02
4.674307115712356335e+02
4.656607115712354243e+02
4.638907115712356699e+02
4.621207115712354607e+02
4.603507115712357063e+02
4.585807115712354971e+02
4.568107115712355153e+02
4.550407115712355335e+02
4.532707115712355517e+02
4.515007115712355699e+02
4.497307115712355881e+02
4.479607115712353789e+02
4.461907115712356244e+02
4.444207115712354152e+02
4.426507115712356608e+02
4.408807115712354516e+02
4.391107115712354698e+02
4.373407115712354880e+02
4.355707115712355062e+02
4.338007115712357518e+02
4.320307115712355426e+02
4.302607115712355608e+02
4.284907115712355790e+02
4.267207115712355971e+02
4.249507115712356153e+02
4.231807115712356335e+02
4.214107115712354243e+02
4.196407115712356699e+02
4.178707115712354607e+02
4.161007115712357063e+02
4.143307115712354971e+02
4.125607115712355153e+02
4.107907115712355335e+02
4.090207115712355517e+02
4.072507115712355699e+02
4.054807115712355881e+02
4.037107115712353789e+02
4.019407115712356244e+02
4.001707115712354152e+02
3.984007115712356608e+02
3.966307115712356790e+02
3.948607115712354698e+02
3.930907115712357154e+02
3.913207115712355062e+02
3.895507115712355244e+02
3.877807115712355426e+02
3.860107115712355608e+02
3.842407115712355790e+02
3.824707115712355971e+02
3.807007115712353880e+02
3.789307115712356335e+02
3.771607115712354243e+02
3.753907115712356699e+02
3.736207115712354607e+02
3.718507115712354789e+02
3.700807115712354971e+02
3.683107115712355153e+02
3.665407115712355335e+02
3.647707115712355517e+02
3.630007115712353425e+02
3.612307115712355881e+02
3.594607115712356062e+02
3.576907115712356244e+02
3.559207115712356426e+02
3.541507115712354334e+02
3.523807115712356790e+02
3.506107115712354698e+02
3.488407115712357154e+02
3.470707115712355062e+02
3.453007115712355244e+02
3.435307115712355426e+02
3.417607115712355608e+02
3.399907115712355790e+02
3.382207115712355971e+02
3.364507115712353880e+02
3.346807115712356335e+02
3.329107115712354243e+02
3.311407115712356699e+02
3.293707115712354607e+02
3.276007115712354789e+02
3.258307115712354971e+02
3.240607115712355153e+02
3.222907115712354198e+02
3.205207115712355517e+02
3.187507115712356836e+02
3.169807115712355881e+02
3.152107115712356062e+02
3.134407115712355107e+02
3.116707115712356426e+02
3.099007115712355471e+02
3.081307115712355653e+02
3.063607115712354698e+02
3.045907115712356017e+02
3.028207115712355062e+02
3.010507115712356381e+02
2.992807115712354289e+02
2.975107115712355608e+02
2.957407115712354653e+02
2.939707115712355971e+02
2.922007115712355017e+02
2.904307115712355198e+02
2.886607115712354243e+02
2.868907115712355562e+02
2.851207115712354607e+02
2.833507115712355926e+02
2.815807115712356108e+02
2.798107115712355153e+02
2.780407115712355335e+02
2.762707115712355517e+02
2.745007115712355699e+02
2.727307115712354744e+02
2.709607115712354926e+02
2.691907115712355107e+02
2.674207115712355289e+02
2.656507115712355471e+02
2.638807115712355653e+02
2.621107115712355835e+02
2.603407115712356017e+02
2.585707115712356199e+02
2.568007115712355244e+02
2.550307115712355426e+02
2.532607115712355608e+02
2.514907115712355790e+02
2.497207115712355971e+02
2.479507115712355017e+02
2.461807115712355198e+02
2.444107115712355380e+02
2.426407115712355562e+02
2.408707115712355744e+02
2.391007115712354789e+02
2.373307115712354971e+02
2.355607115712355153e+02
2.337907115712355335e+02
2.320207115712355517e+02
2.302507115712354562e+02
2.284807115712354744e+02
2.267107115712356062e+02
2.249407115712356244e+02
2.231707115712356426e+02
2.214007115712355471e+02
2.196307115712355653e+02
2.178607115712355835e+02
2.160907115712356017e+02
2.143207115712356199e+02
2.125507115712355244e+02
2.107807115712355426e+02
2.090107115712355608e+02
2.072407115712355790e+02
2.054707115712354835e+02
2.037007115712355017e+02
2.019307115712355198e+02
2.001607115712355380e+02
1.983907115712355562e+02
1.966207115712354607e+02
1.948507115712354789e+02
1.930807115712354971e+02
1.913107115712355153e+02
1.895407115712356472e+02
1.877707115712355517e+02
1.860007115712355699e+02
1.842307115712355881e+02
1.824607115712356062e+02
1.806907115712356244e+02
1.789207115712355289e+02
1.771507115712355471e+02
1.753807115712355653e+02
1.736107115712355835e+02
1.718407115712356017e+02
1.700707115712355062e+02
1.683007115712355244e+02
1.665307115712355426e+02
1.647607115712355608e+02
1.629907115712355790e+02
1.612207115712354835e+02
1.594507115712355017e+02
1.576807115712355198e+02
1.559107115712355380e+02
1.541407115712355562e+02
1.523707115712355744e+02
1.506007115712355926e+02
1.488307115712356108e+02
1.470607115712356290e+02
1.452907115712355335e+02
1.435207115712355517e+02
1.417507115712355699e+02
1.399807115712355881e+02
1.382107115712356062e+02
1.364407115712355107e+02
1.346707115712355289e+02
1.329007115712355471e+02
1.311307115712355653e+02
1.293607115712355835e+02
1.275907115712354880e+02
1.258207115712355062e+02
1.240507115712355244e+02
1.222807115712355426e+02
1.205107115712355608e+02
1.187407115712354653e+02
1.169707115712354835e+02
1.152007115712355017e+02
1.134307115712356335e+02
1.116607115712355380e+02
1.098907115712355562e+02
1.081207115712355744e+02
1.063507115712355926e+02
1.045807115712356108e+02
1.028107115712355153e+02
1.010407115712355335e+02
9.927071157123555167e+01
9.750071157123556986e+01
9.573071157123558805e+01
9.396071157123549256e+01
9.219071157123551075e+01
9.042071157123552894e+01
8.865071157123554713e+01
8.688071157123556532e+01
8.511071157123546982e+01
8.334071157123548801e+01
8.157071157123550620e+01
7.980071157123552439e+01
7.803071157123554258e+01
7.626071157123556077e+01
7.449071157123557896e+01
7.272071157123559715e+01
7.095071157123561534e+01
6.918071157123563353e+01
6.741071157123553803e+01
6.564071157123555622e+01
6.387071157123557441e+01
6.210071157123559260e+01
6.033071157123561079e+01
5.856071157123551529e+01
5.679071157123553348e+01
5.502071157123555167e+01
5.325071157123556986e+01
5.148071157123547437e+01
4.971071157123549256e+01
4.794071157123551075e+01
4.617071157123552894e+01
4.440071157123554713e+01
4.263071157123545163e+01
4.086071157123546982e+01
3.909071157123548801e+01
3.732071157123561989e+01
3.555071157123563808e+01
3.378071157123554258e+01
3.201071157123556077e+01
3.024071157123557896e+01
2.847071157123559715e+01
2.670071157123561534e+01
2.493071157123551984e+01
2.316071157123553803e+01
2.139071157123555622e+01
1.962071157123557441e+01
1.785071157123559260e+01
1.608071157123549710e+01
1.431071157123551529e+01
1.254071157123553348e+01
1.077071157123555167e+01
9.000711571235569863e+00
7.230711571235474366e+00
5.460711571235492556e+00
3.690711571235510746e+00
1.920711571235528936e+00
1.507115712355471260e-01
-1.619288428764434684e+00
-3.389288428764416494e+00
-5.159288428764398304e+00
-6.929288428764380114e+00
-8.699288428764475611e+00
-1.046928842876445742e+01
-1.223928842876443923e+01
-1.400928842876442104e+01
-1.577928842876440285e+01
-1.754928842876449835e+01
-1.931928842876448016e+01
-2.108928842876446197e+01
-2.285928842876444378e+01
-2.462928842876442559e+01
-2.639928842876452109e+01
-2.816928842876450290e+01
-2.993928842876448471e+01
-3.170928842876446652e+01
-3.347928842876444833e+01
-3.524928842876454382e+01
-3.701928842876441195e+01
-3.878928842876439376e+01
-4.055928842876437557e+01
-4.232928842876435738e+01
-4.409928842876445287e+01
-4.586928842876443468e+01
-4.763928842876441649e+01
-4.940928842876439830e+01
-5.117928842876449380e+01
-5.294928842876447561e+01
-5.471928842876445742e+01
-5.648928842876443923e+01
-5.825928842876442104e+01
-6.002928842876451654e+01
-6.179928842876449835e+01
-6.356928842876448016e+01
-6.533928842876446197e+01
-6.710928842876444378e+01
-6.887928842876453928e+01
-7.064928842876452109e+01
-7.241928842876450290e+01
-7.418928842876437102e+01
-7.595928842876435283e+01
-7.772928842876444833e+01
-7.949928842876443014e+01
-8.126928842876441195e+01
-8.303928842876439376e+01
-8.480928842876437557e+01
-8.657928842876447106e+01
-8.834928842876445287e+01
-9.011928842876443468e+01
-9.188928842876441649e+01
-9.365928842876439830e+01
-9.542928842876449380e+01
-9.719928842876447561e+01
-9.896928842876445742e+01
-1.007392884287644392e+02
-1.025092884287644210e+02
-1.042792884287645165e+02
-1.060492884287644983e+02
-1.078192884287644802e+02
-1.095892884287644620e+02
-1.113592884287645575e+02
-1.131292884287644256e+02
-1.148992884287644074e+02
-1.166692884287643892e+02
-1.184392884287643710e+02
-1.202092884287644665e+02
-1.219792884287644483e+02
-1.237492884287644301e+02
-1.255192884287644119e+02
-1.272892884287643938e+02
-1.290592884287644893e+02
-1.308292884287644711e+02
-1.325992884287644529e+02
-1.343692884287644347e+02
-1.361392884287644165e+02
-1.379092884287645120e+02
-1.396792884287644938e+02
-1.414492884287644756e+02
-1.432192884287644574e+02
-1.449892884287644392e+02
-1.467592884287645347e+02
-1.485292884287645165e+02
-1.502992884287643847e+02
-1.520692884287643665e+02
-1.538392884287644620e+02
-1.556092884287644438e+02
-1.573792884287644256e+02
-1.591492884287644074e+02
-1.609192884287643892e+02
-1.626892884287644847e+02
-1.644592884287644665e+02
-1.662292884287644483e+02
-1.679992884287644301e+02
-1.697692884287644119e+02
-1.715392884287645074e+02
-1.733092884287644893e+02
-1.750792884287644711e+02
-1.768492884287644529e+02
-1.786192884287644347e+02
-1.803892884287645302e+02
-1.821592884287645120e+02
-1.839292884287644938e+02
-1.856992884287644756e+02
-1.874692884287645143e+02
-1.892392884287643824e+02
-1.910092884287644210e+02
-1.927792884287644029e+02
-1.945492884287644415e+02
-1.963192884287644233e+02
-1.980892884287644051e+02
-1.998592884287644438e+02
-2.016292884287644256e+02
-2.033992884287644642e+02
-2.051692884287644461e+02
-2.069392884287644279e+02
-2.087092884287644665e+02
-2.104792884287644483e+02
-2.122492884287644870e+02
-2.140192884287644688e+02
-2.157892884287644506e+02
-2.175592884287644324e+02
-2.193292884287644142e+02
-2.210992884287644529e+02
-2.228692884287644347e+02
-2.246392884287644733e+02
-2.264092884287644551e+02
-2.281792884287644370e+02
-2.299492884287644756e+02
-2.317192884287644574e+02
-2.334892884287644961e+02
-2.352592884287644210e+02
-2.370292884287644029e+02
-2.387992884287644415e+02
-2.405692884287644233e+02
-2.423392884287644620e+02
-2.441092884287644438e+02
-2.458792884287644824e+02
-2.476492884287644642e+02
-2.494192884287644461e+02
-2.511892884287644847e+02
-2.529592884287644665e+02
-2.547292884287644483e+02
-2.564992884287644301e+02
-2.582692884287644119e+02
-2.600392884287644506e+02
-2.618092884287644324e+02
-2.635792884287644711e+02
-2.653492884287644529e+02
-2.671192884287644347e+02
-2.688892884287644733e+02
-2.706592884287644551e+02
-2.724292884287644370e+02
-2.741992884287644188e+02
-2.759692884287644574e+02
-2.777392884287644392e+02
-2.795092884287644210e+02
-2.812792884287644597e+02
-2.830492884287644415e+02
-2.848192884287644802e+02
-2.865892884287644620e+02
-2.883592884287644438e+02
-2.901292884287644824e+02
-2.918992884287644074e+02
-2.936692884287644461e+02
-2.954392884287644279e+02
-2.972092884287644665e+02
-2.989792884287644483e+02
-3.007492884287644301e+02
-3.025192884287644688e+02
-3.042892884287644506e+02
-3.060592884287644893e+02
-3.078292884287644711e+02
-3.095992884287644529e+02
-3.113692884287644347e+02
-3.131392884287644165e+02
-3.149092884287644551e+02
-3.166792884287644370e+02
-3.184492884287644188e+02
-3.202192884287644574e+02
-3.219892884287644392e+02
-3.237592884287644779e+02
-3.255292884287644597e+02
-3.272992884287644983e+02
-3.290692884287644802e+02
-3.308392884287644051e+02
-3.326092884287644438e+02
-3.343792884287644256e+02
-3.361492884287644642e+02
-3.379192884287644461e+02
-3.396892884287644279e+02
-3.414592884287644665e+02
-3.432292884287644483e+02
-3.449992884287644870e+02
-3.467692884287644688e+02
-3.485392884287644506e+02
-3.503092884287644324e+02
-3.520792884287644142e+02
-3.538492884287644529e+02
-3.556192884287644347e+02
-3.573892884287644733e+02
-3.591592884287644551e+02
-3.609292884287644370e+02
-3.626992884287644756e+02
-3.644692884287644574e+02
-3.662392884287644961e+02
-3.680092884287644210e+02
-3.697792884287644029e+02
-3.715492884287644415e+02
-3.733192884287644233e+02
-3.750892884287644620e+02
-3.768592884287644438e+02
-3.786292884287644824e+02
-3.803992884287644642e+02
-3.821692884287644461e+02
-3.839392884287644847e+02
-3.857092884287644097e+02
-3.874792884287644483e+02
-3.892492884287644301e+02
-3.910192884287644119e+02
-3.927892884287644506e+02
-3.945592884287644324e+02
-3.963292884287644711e+02
-3.980992884287644529e+02
-3.998692884287644347e+02
-4.016392884287644733e+02
-4.034092884287644551e+02
-4.051792884287644370e+02
-4.069492884287644188e+02
-4.087192884287644574e+02
-4.104892884287644392e+02
-4.122592884287644210e+02
-4.140292884287644597e+02
-4.157992884287644415e+02
-4.175692884287644802e+02
-4.193392884287644620e+02
-4.211092884287644438e+02
-4.228792884287644824e+02
-4.246492884287644074e+02
-4.264192884287644461e+02
-4.281892884287644279e+02
-4.299592884287644665e+02
-4.317292884287644483e+02
-4.334992884287644301e+02
-4.352692884287644688e+02
-4.370392884287644506e+02
-4.388092884287644893e+02
-4.405792884287644711e+02
-4.423492884287644529e+02
-4.441192884287644347e+02
-4.458892884287644165e+02
-4.476592884287643983e+02
-4.494292884287644370e+02
-4.511992884287644756e+02
-4.529692884287644574e+02
-4.547392884287644392e+02
-4.565092884287644210e+02
-4.582792884287644029e+02
-4.600492884287644415e+02
-4.618192884287644802e+02
-4.635892884287644620e+02
-4.653592884287644438e+02
-4.671292884287644256e+02
-4.688992884287644074e+02
-4.706692884287644461e+02
-4.724392884287644847e+02
-4.742092884287644665e+02
-4.759792884287644483e+02
-4.777492884287644301e+02
-4.795192884287644119e+02
-4.812892884287644506e+02
-4.830592884287644893e+02
-4.848292884287644711e+02
-4.865992884287644529e+02
-4.883692884287644347e+02
-4.901392884287644165e+02
-4.919092884287644551e+02
-4.936792884287644938e+02
-4.954492884287644756e+02
-4.972192884287644574e+02
-4.989892884287644392e+02
-5.007592884287644210e+02
-5.025292884287644597e+02
-5.042992884287644415e+02
-5.060692884287644802e+02
-5.078392884287644620e+02
-5.096092884287644438e+02
-5.113792884287644256e+02
-5.131492884287645211e+02
-5.149192884287645029e+02
-5.166892884287644847e+02
-5.184592884287644665e+02
-5.202292884287644483e+02
