-1.588327651941881413e+00
-3.068322020118132265e+00
-1.189326121418610605e+00
-3.219635921811008217e-01
-2.628555784188328914e-01
-3.395477334671488379e-01
-7.782350260311110546e-01
-2.314997119389623492e+00
-2.918273608453555212e+00
-2.048704906009697346e+00
-1.057306938865006707e+00
3.814342498721936536e-01
4.760543366043812341e-03
-1.282168818077048300e+00
-1.952323001893037535e+00
-2.994839733153843220e+00
-2.429416114787598779e+00
-1.398740114147696723e+00
-1.482786293624982932e+00
-2.221617297815579484e+00
-1.303732147505474614e+00
-2.452191253226089884e+00
-1.007932155012711384e+00
-1.331224913465614001e+00
-1.518905406912266720e+00
-5.783368260362617974e-01
-2.220941858334722241e+00
-1.639497514208143158e+00
-1.655379268883966581e+00
-1.718508596634924501e+00
-1.446592210585913918e+00
-2.190382353286224770e+00
-1.338142112549721041e+00
-1.715069116823192630e+00
-2.037636262152820343e+00
-1.597999503579266900e+00
-1.514741253652669428e+00
-1.402156765567291963e+00
-9.939154961605440874e-01
-6.978382547168315853e-03
-1.118116672656197075e+00
-1.653374821954520790e+00
-1.465630659873918162e+00
-1.105612462347308700e+00
-1.760877244442911049e+00
-1.692420697674283936e+00
-1.544126552940347175e+00
-1.582693587209630159e+00
-1.298642569303599892e+00
-1.220656247780971704e+00
-2.588047240805178006e-01
-2.150070403101437044e+00
-7.633607938778634860e-01
-7.367525354713206909e-01
-3.874615974552302333e-01
-1.665477511298441016e-01
-4.833287113379380884e-01
-1.413986254204401938e+00
-4.653864847987208009e-01
-1.229623024531757203e+00
-1.405627923680415670e+00
-7.903161704093424333e-01
-8.503407075165112516e-01
-7.047604346463574032e-01
1.583343814406337202e-01
-5.344256060598766567e-01
-1.224234514775446314e+00
-1.179782888278209541e+00
-8.650433575540787956e-01
-5.385630324959995718e-01
-1.151660188436061993e+00
-8.612054871037582160e-01
-9.376552021027153572e-01
-1.495728781324952905e+00
-1.415995751887593634e+00
-1.272432445563342007e+00
-1.288299737393808542e+00
-5.706246107573145210e-01
1.501478761328387534e-01
-9.002749123478723803e-01
-1.565997603912696157e+00
-9.111448135522239866e-01
-1.340633371250008921e+00
-2.001345906844638201e+00
2.616160319691474001e-01
-9.887699056456940028e-01
-4.868513866635479914e-01
-1.468514172630532855e+00
-5.018612150389616389e-01
-2.510249742900345638e-01
-9.609333217333180244e-01
-1.430943159223374117e+00
-8.626729077503014764e-02
-1.106735385160890317e+00
-5.835543149137327745e-01
-1.152131170567914253e+00
-4.756236004340426149e-01
-1.533357383066231705e+00
-5.923804971839157218e-01
-1.782368638351845114e+00
-1.106820956556635593e+00
-1.702236091943147400e+00
-1.450255975853139923e+00
-5.816808850629726635e-01
-8.418174183481044182e-01
-7.534716909102536775e-01
-9.307183077911114211e-01
-2.264612907321579272e-01
-7.170799772837028740e-01
-7.330337178583974378e-01
-1.000189896930909761e+00
-8.465048713151688276e-01
-9.776835092043416608e-01
-6.225607422926522361e-01
8.160454584536047662e-02
-4.094367730179424569e-01
6.468893941730691211e-02
-6.393099617411452940e-01
-1.300799990317675459e+00
-1.456816488654612662e+00
-7.258115517311427567e-01
-1.232567484560875393e+00
-7.200542657950226300e-01
-7.818970584108146937e-01
-1.178126497355312274e+00
-9.089838464318669153e-01
-5.490698950826438107e-01
-1.120753529091086165e+00
-7.431652233566179433e-01
-1.080249989612025452e+00
-6.486948102701823871e-01
-1.928074171220102606e+00
-4.682212539476058311e-01
-9.010925775938689597e-01
-7.003321248773728414e-01
-1.185366292047007164e+00
-1.516288305765557176e+00
-1.018352630287964189e-01
6.563500891266089710e-01
-9.745225635481782334e-01
5.609162835342740294e-01
3.265219977771396387e-01
-1.874791989341568765e-01
1.442444571114360308e+00
6.243213264561138232e-01
1.416219426748011045e+00
2.443426105348853739e-01
-2.266723140287130178e-02
3.902206234747289670e-01
6.831572863337145307e-01
6.939425814023598704e-01
1.167510748541721100e+00
5.755997729277417818e-02
1.653490672722375265e-01
-4.553040510379169348e-01
-1.972933865905543982e-01
-1.033418952080999986e-01
2.503049304131046426e-01
6.140206807011825418e-01
-5.859219091794445333e-01
-2.306144554678724035e-02
5.260879461110592459e-01
3.258108015489975529e-01
5.958510508639420777e-01
1.309519268107966816e+00
9.364271389170095716e-01
1.037379579822759190e+00
1.549645006922879986e+00
2.099922870494535410e+00
1.386981392864790052e+00
1.502992169640908315e+00
2.630538819277937534e+00
1.198591188543262298e+00
1.806533511822660643e+00
8.685790686421306361e-01
5.576991202422023619e-01
1.463680523105561626e+00
8.624504364244689469e-01
1.405050362671188324e+00
5.727674480141722313e-01
1.847326227296950840e+00
1.515182115634244653e+00
1.689869155107626142e+00
1.742244274273135218e+00
3.247561923227953784e+00
2.562744188160166914e+00
2.689244260619407356e+00
2.174911175782343165e+00
2.665673852050328030e+00
3.367198629789323938e+00
2.496509879505619089e+00
1.522100538441798712e+00
2.374305517007222477e+00
2.504193688076804314e+00
2.023462018378047844e+00
1.746427115123302620e+00
1.244369787878556011e+00
3.156361274612290657e+00
1.953500719441084499e+00
2.746840253434156942e+00
3.874195612320423088e+00
4.408092624245195879e+00
4.381619012563110260e+00
3.996845483786329645e+00
3.050140194315100750e+00
4.570736704547354812e+00
4.522804397849224500e+00
4.759751010807660165e+00
4.998555322533414724e+00
4.717857563054809411e+00
3.217668680966749406e+00
3.859721821522539287e+00
4.578467035206137403e+00
4.448812497382204967e+00
4.650544820966631576e+00
4.386243250072290323e+00
4.567982566597429184e+00
4.043393330027365451e+00
4.252275698308068286e+00
4.770736368103652758e+00
4.636929916173773591e+00
4.417824595867628545e+00
6.165821132251736003e+00
4.907448453778185282e+00
5.641230991803277028e+00
5.964183855287442881e+00
6.229844336302610586e+00
6.095599040806247260e+00
6.970761907928539003e+00
6.893312675644084564e+00
8.723787895915775081e+00
7.928940195416574355e+00
8.161338157327339360e+00
7.205379361706512498e+00
8.814078485927085538e+00
9.643916978987819633e+00
9.063347396610410556e+00
9.250656659495133383e+00
9.784499792075965985e+00
9.934774735587556194e+00
9.845175396318621708e+00
9.173379321603690073e+00
9.502388673511884321e+00
9.295952782900934963e+00
1.017334004254148638e+01
8.609425498290047329e+00
1.021124578250909209e+01
9.851957914297230445e+00
1.112552039471023413e+01
1.170782262881522229e+01
1.206584503121787577e+01
1.165534313508598707e+01
1.190474481242188887e+01
1.110778124303820569e+01
1.175193978877071288e+01
1.179426724722780406e+01
1.303146273811378286e+01
1.329371415754192221e+01
1.396608357775457776e+01
1.435710805262484691e+01
1.483157729342709885e+01
1.681926938085344148e+01
1.779636893161822897e+01
1.608505776402257226e+01
1.623330537730180367e+01
1.653921114123819081e+01
1.771194668136270423e+01
1.756854750225816986e+01
1.877879219629693353e+01
1.920264145517699816e+01
1.975976039133421480e+01
2.111103365563550938e+01
2.065713026549277487e+01
2.166620461033645029e+01
2.222960289629133968e+01
2.261891602615270713e+01
2.282660912131759545e+01
2.271372164048486297e+01
2.358981874971507864e+01
2.535357327246151016e+01
2.775718559566276156e+01
2.849345346716282634e+01
2.801080038297426000e+01
2.861487624160323051e+01
3.082858389610365180e+01
3.173464776600958359e+01
3.154405804747140607e+01
3.055849324448948678e+01
3.304060298753027070e+01
3.333237049203940217e+01
3.306584558300923504e+01
3.503658191403350486e+01
3.560009625892966767e+01
3.715170338440401565e+01
3.875476639701781068e+01
4.127173997623904000e+01
4.213740460942008070e+01
4.064716524704755329e+01
4.090899501293639418e+01
4.457537348723629123e+01
4.501984525046238161e+01
4.328353303093598470e+01
4.326955963605399091e+01
4.436141345939391556e+01
4.528856358289306172e+01
4.586700693342781676e+01
4.580849648589386902e+01
4.553366206256253435e+01
4.705775971043549077e+01
4.723779271806952806e+01
4.860891805687028011e+01
4.878423104455781356e+01
4.803738509607610752e+01
5.011631853748696841e+01
4.900857665209615277e+01
5.120870975821645033e+01
5.009944177750946892e+01
4.857522230529807672e+01
5.082645380093302379e+01
5.118250537708865977e+01
5.153750300695615749e+01
5.387482382836079609e+01
5.189137344322351453e+01
5.124838552971471728e+01
4.944670857356846483e+01
5.121944818440607605e+01
5.161969326896432619e+01
5.235052843186928584e+01
5.539045089046020820e+01
5.582470284958254325e+01
5.494937895342607703e+01
5.376091014105702470e+01
5.438845191405825830e+01
5.472752416891567862e+01
5.460519115722488692e+01
5.643198204925734984e+01
5.740250772824451531e+01
5.640737918252222727e+01
5.752882508910613524e+01
5.620195533257692944e+01
5.541366291098719188e+01
5.567441046738975530e+01
5.387459701321437677e+01
5.725196016715874947e+01
5.623350987559718561e+01
5.413336177359111900e+01
5.536509377156906453e+01
5.771203687906361779e+01
5.685117459475785751e+01
5.715320736796584100e+01
5.785852993815542078e+01
5.878138827372516317e+01
5.977306000615278947e+01
6.201985150197373997e+01
6.350107601505281707e+01
6.361809852690015532e+01
6.162900904242685840e+01
6.128197504999489098e+01
6.090822486411931891e+01
6.081748188956762391e+01
6.227211085484261588e+01
5.948033276595238306e+01
5.847312538293201811e+01
6.020710671517812784e+01
5.668328210070116313e+01
5.583695148957152554e+01
5.522368240721147004e+01
5.638300913919558610e+01
5.509734653735402077e+01
5.312409519824188919e+01
5.444620714216994628e+01
5.065609853575654142e+01
4.872217351184073664e+01
5.287740947096482103e+01
5.210164917926731221e+01
5.249112501516971463e+01
5.156142594438955484e+01
4.930910816531839913e+01
4.893085709489528057e+01
4.855670793833672860e+01
4.806043700857257761e+01
4.743140387678791114e+01
4.544949591602485839e+01
4.583897518719975750e+01
4.573427452846955532e+01
4.395221766425083842e+01
4.225163120195970379e+01
4.175006573563815238e+01
4.316633001622627575e+01
4.103228244255199542e+01
4.153097806918570711e+01
4.086274551303252167e+01
4.020760941600264005e+01
3.818676114380752296e+01
3.771051395885889690e+01
3.674799313208495022e+01
3.716079879826082077e+01
3.687706633082373031e+01
3.467983130737903252e+01
3.499377962772241801e+01
3.445876885243878007e+01
3.205389287271277254e+01
3.135523830514161858e+01
3.165985722199943098e+01
3.116344935654996462e+01
2.964557861449578624e+01
2.845425275147385236e+01
2.851763226312094091e+01
2.790118151432498195e+01
2.567113370702661967e+01
2.563205879906796270e+01
2.426917861378399266e+01
2.378682707700736643e+01
2.345943618643442363e+01
2.185019505928321237e+01
2.119551422144798636e+01
1.971773067815811942e+01
1.971124965121483541e+01
1.849115174776138559e+01
1.756202870907532443e+01
1.798930018483108029e+01
1.691963295867041595e+01
1.589144201739758699e+01
1.498089596348820685e+01
1.542135443703210029e+01
1.518830545570974166e+01
1.467610117958260574e+01
1.431509905416231021e+01
1.276058889498414217e+01
1.257692740455093805e+01
1.114824522741257695e+01
1.169832172100889878e+01
1.158028142254955917e+01
1.119676183514055623e+01
1.140327168856989104e+01
1.015861236845411852e+01
9.473133432719805569e+00
9.188997261350724699e+00
7.412088468725713142e+00
8.089716345566689171e+00
8.742423227323584456e+00
8.294605892310221051e+00
7.286676441370667057e+00
7.223359057941253880e+00
7.325953334417794949e+00
7.356362739596969291e+00
7.095790906915036445e+00
6.912086530583350985e+00
6.761015855211354619e+00
6.807269530526858681e+00
4.721256554457852417e+00
6.576796368612046528e+00
5.994917296832505293e+00
5.163966670478711940e+00
5.268433649759802329e+00
4.968120846151728998e+00
4.369081349778165979e+00
5.280294422511230934e+00
3.869885653517144419e+00
4.997089021112353535e+00
4.601199151577660018e+00
5.029494321454504480e+00
4.032640009054809127e+00
5.593991364809057565e+00
5.636190623828485791e+00
4.428023438485850782e+00
3.500407179546433767e+00
3.817314303519760976e+00
4.768958255735249452e+00
4.307262359797226381e+00
4.175869316394350328e+00
3.675018502799461295e+00
3.782826367279590762e+00
2.950228871116700624e+00
2.462041912311766723e+00
2.027983848341227358e+00
1.582382864741036954e+00
2.191983522173215349e+00
3.348986028195890086e+00
3.175282915032370923e+00
2.696004846315515735e+00
2.649622181231010565e+00
2.349850273133366585e+00
2.945359981882712752e+00
2.672949826675521834e+00
2.739610256374811925e+00
2.960115078775628739e+00
2.888516812851254834e+00
2.148049199565461365e+00
2.850315333235004189e+00
2.077583004731502037e+00
2.193644030743743478e+00
9.910518551762148576e-01
1.602106429389785980e+00
1.955906135707301985e+00
1.936447579716195300e+00
2.270593528197819566e-01
6.352020659918258261e-01
1.128626786781682156e+00
1.154200451066319744e+00
8.762463971877405555e-01
9.423052905806379442e-01
1.810139177995544912e+00
1.849205717686687400e+00
1.403250606556550650e+00
1.602031366295664228e+00
1.386489315747769346e+00
1.325398437358032311e+00
1.341255019110189295e+00
1.777708628424516490e+00
1.866542706160588594e+00
1.680914810623264088e+00
1.922099643269295832e+00
2.448738794995497514e-01
1.531559968291722029e+00
8.841888450832824375e-01
1.913489609099932487e+00
8.353413402317437786e-01
1.115358203790886016e+00
1.450168558114561357e+00
1.854639674173197861e+00
6.718402683418549515e-01
1.595542212564717843e-01
9.435571706856427099e-01
5.174899060214306346e-01
7.326967018543966148e-01
7.032603738958531636e-01
7.298485457829873013e-01
1.374067844437156793e-01
-2.680670950121388785e-02
-6.304562324686244779e-01
1.342496909244633052e+00
-9.393890506425073283e-02
7.801343200986261550e-01
8.563703863168932173e-01
1.166075954825481986e+00
1.568983707498725622e+00
2.563158492321608861e-01
7.743408750557723152e-02
1.485704384920327747e+00
1.177691017491712344e+00
9.956906356371941769e-01
1.632050122500833034e+00
1.043861741170713842e+00
2.145365865047702769e+00
1.294171773079203724e+00
1.396418625766431276e+00
9.214831661920754868e-01
1.335455033364306487e+00
1.268347441279390253e+00
1.811897503005810428e+00
1.078496966425230852e-01
6.773694689661819979e-01
1.208531327343583150e+00
3.570440413752073994e-01
3.616361107828245380e-01
1.296471425462462079e+00
-6.327058471051749677e-02
4.020858802433728840e-01
2.525615430526721994e-01
7.526800981606474039e-01
-8.831373468313223896e-01
-6.267193645321222917e-01
2.473909265879381536e-01
6.382035648197055266e-01
8.137757805876777439e-02
-9.913022801472060053e-02
-4.284814927524758232e-01
5.280247052483266756e-01
6.537269056085683872e-01
1.558643963381323161e-01
5.264258262154655199e-01
-7.573069619932244478e-01
5.970811081829641154e-02
2.869449295468582406e-01
4.693305624186283609e-01
1.406705376280961595e+00
8.906689476106244285e-02
3.820128176902999328e-01
-1.443076730093686422e-01
-2.808269085168237922e-01
1.918358376237634388e-01
-1.934990384226056293e-01
1.208268231213693866e-01
1.301439146375803269e+00
1.310945883611394081e+00
4.324474193193967864e-01
1.065722857451456562e+00
1.115893391067429796e+00
1.190417157677134519e+00
1.168207976450405639e+00
2.177585430601229888e-01
1.400144825969913853e+00
4.281989053116852517e-02
2.011092388350688154e-01
-7.025585549254502737e-01
5.320527749084718039e-01
-1.848231413775431875e-01
2.544533256728929160e-01
9.865225008300493315e-01
7.035297632906996057e-01
1.089532348221258218e+00
1.769946105720147322e+00
1.241763554456503549e+00
1.609082550674267864e+00
7.005651653076077068e-01
3.823435377169701610e-01
8.771165721068046039e-01
3.961625206679881828e-01
5.822519561432919488e-01
3.885744023252764023e-01
8.497149916048849505e-01
1.382260245389734798e+00
6.225843499503387335e-01
8.186815328170764516e-01
1.268349778661598926e+00
8.520585568299399171e-01
7.644942753585102224e-01
7.694090708135767898e-01
9.591383081272768507e-01
1.571799090344129901e+00
1.327929324111646991e+00
8.266360674222612559e-01
6.745304089081169963e-01
1.361221406294871983e+00
7.548975742033325886e-01
5.884522931797233625e-01
8.806338662417179108e-01
-4.832960795794942754e-01
3.891610152484412666e-01
-3.505660093142441980e-01
1.381981901847279204e+00
4.468400450983045502e-01
-8.346793657142761447e-01
6.902255526588287893e-01
1.040259982917429049e+00
1.609771201439390786e+00
4.607258868513772754e-01
-2.002739655662075791e-01
1.393393833137968052e+00
5.162469844010226794e-01
4.610904907711077527e-01
1.641978878092850813e+00
1.724402007621931965e+00
2.625719239139447936e-01
5.344680175109832732e-01
7.010411520508679217e-01
8.343050474228830282e-01
2.655949427169890242e-01
9.593315786903815479e-01
8.328119324947245161e-01
1.240827118086133218e+00
5.713494114129904489e-01
1.374709768332322390e+00
-1.165122491710013364e-01
2.955989704914108174e-01
2.907682134251787787e-01
6.662401818476570980e-01
8.663245428127721581e-01
5.118296269247482044e-01
5.564270273385076848e-01
-8.744717852041183903e-02
-5.141907127969620461e-01
1.043688045271812470e+00
1.289761913956983808e+00
1.668848421884476352e+00
1.508036428899364623e+00
7.502601928450425284e-01
1.544994793234641506e+00
8.917386244213507673e-01
5.405619467364473074e-01
1.382870540969506123e+00
6.180784482385703882e-02
8.807435957356339884e-01
1.099294085459918691e-01
-2.957672599116554224e-01
-2.880490066936935989e-02
1.194449954242999379e+00
-3.421548762756003725e-01
1.345625060492784186e+00
1.585875352052378950e+00
1.173425451127743102e+00
5.240731333593053876e-01
6.888800393935730071e-01
1.487726047859015743e+00
1.126647113271118883e+00
7.424813430526251423e-01
9.160660016110124815e-01
5.165294984369257492e-01
3.868623441298169041e-02
1.080134810950334590e+00
-4.401921908093369140e-01
1.011479889052910863e+00
8.898292486848067284e-01
1.153637163284629175e+00
1.139421191265025612e+00
5.848210905096609125e-01
2.418630720929355604e-01
1.435488560685031167e+00
8.994537440295191644e-01
