-1.655831165258998539e-01
-6.126454092210957825e-01
-1.027665902203240833e-01
1.912767597950191245e-01
1.646509561102971197e+00
-2.854463348611862017e-01
-6.674651794978734287e-01
-1.128195942574207855e+00
-1.307789698996791650e+00
-5.335555441652184427e-01
-4.592134007362504988e-01
3.077329792281231491e-01
-4.250867015331580845e-01
-1.536205658675440233e-01
-5.700966399005258367e-01
-1.076347227605041645e+00
1.983308941328179031e-01
-7.800361816610061894e-01
-9.404431668811215062e-01
-9.460463820544653402e-01
-1.512700378257048506e+00
-2.488135866604341828e-01
1.008248288907489076e+00
2.665752687877604998e-01
-6.920721474742563828e-02
2.554989801013274331e-02
-2.650483462329287221e-01
-9.504986756440052531e-01
9.573863199684282677e-01
-2.882809557887524576e-01
1.289600748048593815e-01
-5.959618759258233922e-02
6.118244337743661276e-03
-1.562930632471370984e-03
-7.428751450821806657e-01
4.488666657249407166e-02
-8.981005297988442493e-01
3.067850266955574057e-01
5.076519081346182460e-01
-7.017383426402457047e-02
-1.098628025630326910e+00
-1.291538665366980254e-01
3.418503165283528489e-01
-7.611810678430526167e-01
-8.509876836710912329e-01
-1.705591499465564098e-01
-1.284744063042214002e+00
-1.605230667890555907e-02
-1.271955093395037650e+00
3.464756706584015689e-01
-1.043081962967731258e-01
-2.846270830544632702e-01
-1.311375379149737341e-02
1.215561349397314750e+00
7.346649417524364623e-01
1.095269762435270522e+00
-4.262291272148113208e-01
3.580771693873616712e-01
-4.204507696611283762e-01
1.294061948836498388e+00
2.497230324936996482e-01
-9.145863238724789568e-01
-1.481636682324092291e-01
-7.010826401504681726e-01
-3.177012858912471316e-01
-1.779654982733136492e-01
2.717986713766551432e-01
1.407439448464753440e-02
9.830160764531559181e-02
-8.455221019127803217e-01
5.511126954886051976e-01
-5.049626022086997068e-01
-1.128996249828751353e+00
-4.121622569044749440e-01
-1.283711171382337035e+00
2.801739090964083800e-02
3.525690647678381140e-03
4.514474068835703235e-01
5.348610238223168167e-01
-5.778811208367100605e-01
-7.768681546439522023e-01
-1.504074437326519131e-02
2.118636064821854958e-01
-1.164432114000113039e+00
-6.224385020747025266e-02
-1.169704143980832889e+00
-7.749106730407575583e-01
-1.065597736884069668e+00
-4.669619347238338491e-01
3.716429185270175850e-02
-9.006637732327194001e-01
-5.244991741920186357e-01
-3.628060998584423658e-01
2.346853683983853855e-01
-8.997460507761445569e-02
-5.777151295566813616e-01
8.797552908101833324e-01
1.584064324765970255e-01
9.934362268342651348e-01
-3.708538674857164708e-01
1.749388388992390020e-01
-1.266887777982272922e+00
-1.347959301292510403e+00
-1.655166152007291558e+00
-5.784802642951438756e-01
-9.322541447750145593e-01
-5.409738634589080775e-01
-2.394598053080621014e-03
-4.283635472781979203e-01
-4.986585154152844979e-02
-1.162505964381660206e+00
-1.023469589743659647e+00
-1.025391562344615259e+00
3.379032172230642672e-01
-6.156731669031740850e-01
2.689372212657525907e-01
3.123369322585851648e-01
1.047477735474737770e-01
5.965222872332534010e-01
-8.628236647627094413e-01
-4.615466767067148979e-01
-5.401555883442323847e-01
1.401715893684647440e-01
-1.912335751007709916e-02
2.909155740051945216e-01
-8.851244762587482384e-01
3.319147499893597697e-01
4.537532892774001070e-01
-1.262122139583645719e-01
3.735250245184484896e-02
1.324639549707615771e-01
-4.120608759038875135e-01
-2.596233154001144072e-01
-1.197277849531668714e+00
-2.137456539566855440e-01
-5.129905938792260756e-01
-4.143515415800207435e-01
1.832759563568835404e-01
-7.315903746756111659e-01
5.719616057924241659e-01
-2.993703887957499532e-01
3.958545221345257659e-01
5.454330634528226085e-01
-3.738177242852156468e-01
1.020509204425221306e+00
6.666619640665620850e-01
-3.813422667720844927e-01
2.979186418864534502e-01
6.814106916820614757e-01
6.617509147190121510e-01
2.063396302979709773e-01
1.600298294406004018e-01
1.073886761121716660e+00
8.102294925848241292e-02
-4.534362664457667336e-01
1.559868803376192048e-01
-5.938640879629408786e-01
6.638169869692562841e-01
-6.975500928526674471e-01
-8.176704538701615732e-01
-8.622140825133515207e-01
-1.159357449150466124e+00
-4.372830214305452046e-01
3.743487611539109139e-01
-8.488387338211733635e-02
5.632626978854817779e-01
2.455530038181361618e-01
-1.074386127312516592e-01
5.477102935809945450e-01
4.165391709080923377e-01
6.262438974208706099e-01
7.229423046111174145e-01
1.315568464211933630e-01
2.634252492049578009e-01
2.445949792270720735e-01
4.468113842094343369e-01
-5.790655845269405688e-01
-3.079328787899733300e-01
-5.392634953578800960e-01
3.406774669606713601e-01
4.711622952109628670e-02
9.986251663830900682e-01
1.271408616774404976e+00
5.385886638706418594e-01
7.628024924044334298e-01
9.472478247968458831e-01
6.182815113724080547e-01
6.567631049233835228e-02
4.121082242236440152e-01
6.752084716995554459e-02
8.731487151045946860e-02
9.502741224943704879e-01
4.257680472515295023e-01
8.163851834408113461e-01
1.339149175178249607e+00
5.657702037750045321e-01
8.966253042661831429e-01
8.381896375448372183e-01
2.133731854847409792e+00
8.486858405404440475e-01
1.549539069429713756e+00
1.739787941124660620e+00
2.750173124053590712e+00
2.327986474101728653e+00
3.058148784627879202e+00
2.679122883792598664e+00
2.364639499120642085e+00
3.295479345292777751e+00
3.506108360621279729e+00
2.435098119791851978e+00
3.503759337065583068e+00
3.399916234464235743e+00
2.830187603145991382e+00
3.479281608792767599e+00
3.119729551686454272e+00
2.810691574356711797e+00
3.172308297328513049e+00
3.837934648836519358e+00
2.840891156625602321e+00
3.906141905617437793e+00
3.645169066396855229e+00
3.316437656176860926e+00
3.262304704845421455e+00
3.484306796321492428e+00
3.156754172698074790e+00
4.409042426740311882e+00
4.792463066928210225e+00
5.126337444887838046e+00
5.529093499862325345e+00
5.847907264759570012e+00
5.949331720627387909e+00
6.641133176385247694e+00
6.311008232718468669e+00
6.848526558290675581e+00
7.687042811364976913e+00
7.638401847178565518e+00
6.870942041809000145e+00
7.052449396681442551e+00
7.609380834299752649e+00
8.160590257023185856e+00
8.362098756752022410e+00
7.483270791692399726e+00
8.514443872998016971e+00
7.654446396160400568e+00
7.934819286513041803e+00
7.698772607262899470e+00
8.421691669083447351e+00
9.226126611893105789e+00
9.366795887498977180e+00
8.972879002254886771e+00
9.402375179393235527e+00
1.020006400061471119e+01
1.002897507462177629e+01
9.804450962843068496e+00
1.065755005157790336e+01
1.149227935242745602e+01
1.156459757742883276e+01
1.074322832600478428e+01
1.143964743832329489e+01
1.103607515865264865e+01
1.258881344957594095e+01
1.349259303535515819e+01
1.247860034087894121e+01
1.148590978670701901e+01
1.307206078729771725e+01
1.348422011680600541e+01
1.332583359944342583e+01
1.434826613032591069e+01
1.411837295233253364e+01
1.434357064787380764e+01
1.413970406557875492e+01
1.609341165473069424e+01
1.608562069223558666e+01
1.661643753098417164e+01
1.654375521254062065e+01
1.634680935481919661e+01
1.847910630032360046e+01
1.864590303704366647e+01
1.933821692266736747e+01
2.004103247813925748e+01
2.148734899094720419e+01
2.285987871246770808e+01
2.162912637839350793e+01
2.333947320898830924e+01
2.572312277228398969e+01
2.765819055355600042e+01
2.983329588963544765e+01
2.868799826732706393e+01
2.877892124349701319e+01
3.062117001664761773e+01
3.125260458545772835e+01
3.088416356068330515e+01
3.339745048468434874e+01
3.439198241607428486e+01
3.546102768910897396e+01
3.746774204243369155e+01
3.725020774214170416e+01
4.003093485628660630e+01
4.235185947013562213e+01
4.143402358909598604e+01
4.196277973051424226e+01
4.379389682121589544e+01
4.427798924507835210e+01
4.349478179741048223e+01
4.504714694436329125e+01
4.730405901675392499e+01
4.696642757764308129e+01
4.762914444247968504e+01
4.898890491348940657e+01
5.020793008650264966e+01
5.023798444570815036e+01
5.071890179597937731e+01
5.005303772434048426e+01
5.129753269012419281e+01
5.103549539902286369e+01
5.213941789300894669e+01
5.415501706838216478e+01
5.651149913432716687e+01
5.384283053228344329e+01
5.289672457811023065e+01
5.167800844816466110e+01
5.237320973760774478e+01
5.465887588162355826e+01
5.650583868924740472e+01
5.731229673765530208e+01
5.814195378656388868e+01
5.669804839204460478e+01
5.660886384249354109e+01
5.959617050966980401e+01
6.174633440884488067e+01
6.022358038791504953e+01
6.037180750525493522e+01
6.325768231904741157e+01
6.294506682790328966e+01
6.216643553798310506e+01
6.349945635942333411e+01
6.395851077706313248e+01
6.326682030707205939e+01
6.501774025827072023e+01
6.315754167004515551e+01
6.688388990178535209e+01
6.562496565890965883e+01
6.377142590095272823e+01
6.476349193694017004e+01
6.564150914211705867e+01
6.573483994064589808e+01
6.494649002861432052e+01
6.730322626953183374e+01
6.952364520236260148e+01
6.848753581218258546e+01
6.972876988174452606e+01
7.119073057336225929e+01
7.091097812154710311e+01
7.326182182412313182e+01
7.247885508526901788e+01
7.104877420319478176e+01
7.038262201017278130e+01
7.288788065815359118e+01
7.154527024947023506e+01
6.794031236039064936e+01
7.019636618414094187e+01
6.861425505679241610e+01
6.806114858697064562e+01
6.853697682807649016e+01
6.864120606872305075e+01
6.795672917507182831e+01
6.699759549524509339e+01
6.663040032127368306e+01
6.392234978362803588e+01
6.510754165067959320e+01
6.440469664885162615e+01
6.449544374995755902e+01
6.641412125155936508e+01
6.726775306873761906e+01
6.834936447272883697e+01
6.975171140928601687e+01
7.042260165224858781e+01
6.960995710857214647e+01
6.832595429975805246e+01
6.724951777759494576e+01
6.754271423049566181e+01
6.750381408404471983e+01
6.708898897352260349e+01
6.616341546653553962e+01
6.566759643819136727e+01
6.689636520993876445e+01
6.693054004047100136e+01
6.482738732923670000e+01
6.356941181752106473e+01
6.500545303328459568e+01
6.687174735416530780e+01
6.248889936910119758e+01
6.124639403670041560e+01
6.502941048653730149e+01
6.248274496358505559e+01
5.951590078768432335e+01
5.872570612068901141e+01
5.640901157811061495e+01
5.496887717522361072e+01
5.151923129492424636e+01
4.841968379944881917e+01
4.804947762836829384e+01
4.569607377960414851e+01
4.158836573994197749e+01
3.973795124310196059e+01
3.885283747461750181e+01
3.497210873725864388e+01
3.030440755748565707e+01
2.609663234217432048e+01
1.952529355304147174e+01
1.586841146178807804e+01
1.218988974639171907e+01
1.073096518176676639e+01
7.974696878061923400e+00
6.932646467732921813e+00
6.631229111972096746e+00
5.403742634832825686e+00
5.213719400285630634e+00
4.270346201016163690e+00
3.953177047440624925e+00
2.929585150821528927e+00
3.175605722369044592e+00
3.540170869394873243e+00
2.034113988522908478e+00
2.388205055448502812e+00
2.226784401644874123e+00
2.010602768584859312e+00
1.662015511780526644e+00
1.360051315073869560e+00
1.891201319380530599e+00
1.312270232118604163e+00
1.881780076955053005e+00
1.552746983294281513e+00
2.102183881854471359e+00
1.394176422831964857e+00
1.442635016322828534e+00
8.106068911921608944e-01
9.923860624642024675e-01
1.317736843423094051e+00
1.715224621778324909e+00
2.049903206321436855e+00
4.639092121193160168e-01
2.027446574658252842e+00
4.299393389377508257e-01
1.177904938323327322e+00
1.250144063987245424e+00
5.310741856605494249e-01
-1.372397943940963927e-01
7.966730457566395529e-02
6.159438834155395170e-02
3.748493263147780752e-01
1.736597550369207710e-01
9.629915318485871012e-02
-4.370300179393815654e-02
1.315761157324963904e-01
2.607369578361717899e-01
9.177084759078475429e-01
7.249777978503653131e-01
-2.087802247690992985e-01
6.389855995044362302e-01
4.536469006796384207e-02
6.365398761448481935e-01
1.102049749965304137e+00
5.840624394592790480e-01
5.462553771711853301e-02
-3.725819660052298588e-01
7.319836179380816432e-01
3.439762491119680021e-02
7.216915777046937208e-01
1.118393875546135341e+00
6.436355311475470131e-01
3.444085017311753205e-01
9.687282891518531613e-01
4.955162225913962715e-01
8.149622682362167581e-02
1.557189437734063375e-01
-4.896612107336739683e-02
2.338475893189517762e-02
4.373050285189981068e-01
5.722687250371105705e-02
1.402366604027998953e+00
1.605293107694484966e+00
6.526019819686306178e-01
2.871448905510991523e-01
2.672648975427414086e-01
6.225463902239640746e-01
-2.299298866571533040e-01
-6.532386371062290920e-01
-8.818976236869655594e-01
-8.881362957044851569e-01
-2.237996521886307377e-01
-1.823968770809551998e-01
-3.884838655792055562e-01
-1.759951708839516016e+00
1.496543711919517960e-02
-1.151422338837096326e+00
-4.196220857378678559e-01
-1.083583435534225536e+00
-1.043757235753143497e+00
-6.659162998735519423e-01
-5.407226762833206024e-01
-1.153984404281738207e-01
1.124398768752774558e-01
9.404300429959322472e-01
6.426946697106528106e-01
7.060840396379850503e-01
1.167250954290403264e+00
1.970635177413320172e+00
7.878107776665110862e-01
1.171930612745694766e+00
6.652759665778420484e-01
3.828676732581213216e-01
3.711608307388223338e-01
-1.566503228982556450e-01
-2.001369982230176703e-01
-1.266323436379312994e-01
1.632220630565051067e-02
-5.535600233718520613e-01
-4.136475330634459269e-01
-4.602118138053379326e-01
8.059419592543370925e-02
-6.005734997912259843e-02
-4.769211553312846519e-02
-4.128596942858822061e-01
-2.969668931080438057e-01
-8.055505787281012076e-01
-1.023618911005180543e+00
-3.432653530543126053e-01
6.602120793952312994e-01
-1.205827002006570225e+00
-4.084623656477779363e-01
1.975445080278728227e-01
-2.167876752854818179e-01
2.433493460548250553e-01
4.056071243118974934e-02
4.229093767342160248e-01
8.423688408950562589e-01
-1.032450761947965034e-01
1.409546192212101090e-01
-6.466990084209101042e-02
5.182810354526568020e-01
8.007225339116548213e-01
1.302761281456747966e-01
2.086048914894833572e-01
7.792680330284005308e-01
-1.011351894328136325e+00
3.877079139511332428e-01
-4.850249870383862572e-01
-2.783066365373647599e-01
-4.346363565276156748e-02
-5.582613416863555500e-01
-9.307894008960042598e-01
-3.678418718644005381e-01
-9.197149005704687852e-01
-6.269132748341990080e-01
-4.214384044889047942e-01
-9.202095065618376424e-02
-1.175930487599115004e+00
-1.522995241355240559e+00
-1.163122820639281407e+00
-1.115854050072954351e+00
-4.899069709169383557e-01
5.622511701790511296e-02
2.670585744237801151e-01
-3.690467688442673477e-01
1.343654500498470128e-01
-9.657693834531215771e-01
-9.691371655848719513e-01
-1.224707139716342930e+00
-6.769615196629565901e-01
-1.239907681515020066e+00
-9.127226604507940877e-01
-1.295926752844533958e+00
-1.004870420967507449e+00
-8.176222192539102096e-01
-1.126060123443718197e+00
3.548294893367094360e-01
-3.292385412620175700e-01
-6.119651698900439030e-01
-1.147191581171374430e+00
-1.245958357766323132e+00
6.092067488455814583e-01
-2.732309323386790112e-01
-1.081793335745384610e-02
7.537912422213706165e-01
-2.923763864058841477e-01
-8.620158250943115164e-01
-1.036081040298483025e+00
-1.422581676250329608e-01
1.067553789342694515e-01
1.073177972394283586e-01
-1.357364208480889900e+00
6.256060594139514208e-01
-4.981048215672503332e-01
-2.241703825778680326e-01
-8.428079226029234761e-01
-8.156938463369911574e-01
-4.214038792672560874e-01
-4.336521882110924153e-01
5.993022273280761425e-01
3.424071091934051125e-01
5.079611174289322406e-02
-3.632438053936715150e-01
1.215749251703703848e-01
6.964000760442674576e-01
-2.973503853583903123e-01
2.472697189827739450e-01
4.678746274679115302e-01
-4.691202250958692588e-01
-3.220113760328073838e-01
-4.502464517369695329e-01
5.388358333090481622e-01
4.318666643063879818e-01
-4.688506287852698406e-01
-3.912850711865578646e-01
-7.358513961077441934e-01
-5.464939014306864351e-01
3.393305051860053823e-01
1.465617838266322082e-01
-2.218953372014471626e-01
-1.010875016251908676e-01
1.035993058789017596e-01
8.209796931236672535e-01
-1.005643310584908079e+00
-2.054214865229573306e-01
-9.201462294714382040e-01
-7.206238323628673115e-01
-3.591829878561778600e-01
-1.430967849137081416e-01
-5.748369620508189115e-01
6.873256883030505193e-01
-6.678790756581376442e-01
4.165761020072240584e-01
-3.638641476339481429e-01
3.322805735832456975e-02
-5.183322573213517970e-01
-1.273464270281528421e+00
2.044850346430600041e-01
2.707136138707690876e-01
-1.713363963643144139e+00
-5.827458948662007643e-01
-6.952637678109461206e-01
-7.584606390632533390e-01
3.982112549449787764e-01
-2.260451630640192278e-01
5.579488011061046748e-01
-3.817659504981287810e-01
-2.202103001085280454e-01
-1.662800492139151487e-01
-3.011444193142382986e-01
2.968411870406653108e-01
-1.023378637565812710e-01
-1.129904884247886265e+00
-5.620427666775968945e-01
-6.134619405739671905e-01
-1.120587965169841382e-01
-3.897154671356295452e-01
5.290240772358876242e-01
-9.058814198775841930e-01
-1.297759688392644328e+00
-8.572642964605261540e-01
4.402748102338103209e-01
5.502636291427229764e-01
9.479212979700752939e-01
3.391416395080546486e-01
9.064380731300580862e-01
5.724952332650268261e-01
9.613731818967008458e-01
1.807907838554152491e-01
5.381549056406673692e-01
8.913837780898470342e-02
-1.476159064239406682e+00
-1.067186112394621134e+00
-5.048421254247976719e-01
-5.241563351153706307e-01
-1.655965421906016033e-01
-3.090414040341435964e-01
7.512545908284851137e-02
2.920846851375378250e-01
4.282910598442608574e-01
-1.207383152138152838e-01
2.120811693271562604e-01
-2.740629648530372720e-01
-5.307939432988666439e-01
2.019030450408587640e-01
-9.747267598585347415e-01
-7.619247068157877223e-01
-2.560964596906414315e-01
-9.213302877125260082e-01
-2.450709208333359257e-01
-7.899644301755159859e-01
-7.904206184516482381e-02
-1.649049028604467892e-01
3.775119711659353783e-01
5.237380438497485358e-02
7.467661731300170302e-01
7.273948109614547519e-02
-2.985620242972277794e-01
6.019082121940035890e-01
-3.602218130762731008e-01
