-1.984837845621603591e+00
-1.744975517733531767e+00
-1.486271380197574210e+00
-7.557538392138161143e-01
-1.594775844859324110e-01
-5.935464893794062391e-01
-1.095254556231400223e+00
-2.497148088112637332e+00
-2.310257976547501535e+00
-2.249580289810956479e+00
-1.775544158851789511e+00
-9.734739067450943750e-01
-1.064098797426749066e+00
-9.656642414728997537e-01
-2.054797173497321161e+00
-1.636442055319226263e+00
-1.882348656340859350e+00
-2.911444695753336198e+00
-1.881494627182632051e+00
-2.591144026958199120e+00
-1.586405167595363430e+00
-2.295017070690141381e+00
-1.783329086498142146e+00
-1.096174742483666087e+00
-1.898285628177493578e+00
-1.551763874805398125e+00
-1.645528898600884915e+00
-8.937798037354616199e-01
4.440904926565902855e-02
-4.042891273177682265e-01
-1.110085824982506075e+00
-1.048938500183600908e+00
-3.167492430507618195e+00
-1.990779153277743241e+00
-1.556725743043392285e+00
-1.322878861422497998e+00
-1.459581514022003645e+00
-1.750995032803025708e+00
-6.823226478482409263e-01
-7.524991577213979710e-01
-1.625842693783028814e+00
-1.462895651556327614e+00
-2.144293134966977377e+00
-1.661205797975698673e+00
-2.652258336483036771e+00
-1.465492199710227261e+00
-6.826510457398375920e-01
-2.165143703782722362e+00
-7.011364555075338956e-01
-1.445479183986197569e+00
-1.682372316377125365e+00
-5.901481467866922515e-01
-1.596524943097438864e+00
-2.385182065949333463e+00
-1.500199092197000539e+00
-4.122983182348898268e-01
-9.144346505533507141e-01
-2.072017056428580695e+00
-1.990745293401650073e+00
-1.744455043958812901e+00
-1.599381505360849332e+00
-9.075604859456980478e-01
-1.637119275452060485e+00
-1.225253786486882213e+00
-1.017504987036111253e+00
-8.816070836738250094e-01
-2.058368069812822831e+00
-1.895033409811929026e+00
-1.207571079157742311e+00
-3.440034304029824241e-01
-8.262758049763991863e-01
-4.696017813444797184e-01
-1.498056311409341923e+00
-1.377269993943196269e+00
-1.023256434133393178e+00
-9.149521240131388566e-01
-1.283955933367951552e+00
-1.106458502054717741e+00
-9.866488047923587246e-01
-1.172112555701715131e+00
-1.721954327560408338e+00
-1.996614117256338083e+00
-1.700760381121583897e+00
-1.266731046399354632e+00
-1.179782552266265050e+00
-1.224092868463388051e+00
-1.232772451873033859e+00
-1.891514902041003587e+00
-3.108747972494322553e+00
-2.301269873620911177e+00
-1.881144234291567408e+00
-1.324040783160492118e+00
-1.260606909904860018e+00
-5.012075929954624698e-01
-1.240790401729050529e+00
-3.258006215253885784e-01
-3.768995541028177243e-01
6.405022672705751319e-02
-6.206727715952498059e-01
-3.753091260832972509e-01
-3.840287927247221234e-01
-2.111346655618463686e+00
-2.066931091614899074e+00
-1.192174569514506288e+00
-1.648526284652400697e+00
-1.658903496924060583e+00
-8.567610726230343587e-01
-1.718344488363807265e+00
-1.381234554817141635e+00
-8.822568363091614074e-01
-7.142567319891419686e-01
-1.258568323606467310e+00
-1.741902276429509122e+00
-1.749023499481887178e+00
-1.774111794808916009e+00
-1.243038332493973108e+00
-1.192924678368047609e+00
-8.466028829166019065e-01
-1.819162806238550978e+00
-1.224832570871202009e+00
-8.008951220703268703e-01
-6.801400522518061820e-01
-1.008152032026434775e+00
-1.228544076736568513e+00
-5.746794361738798429e-01
-1.140834590053267483e+00
-1.128843828505828206e+00
-8.939120370653119707e-01
-2.421852293766448838e-01
4.370988105130768631e-01
-7.656173540093629271e-01
-1.672069180145471456e+00
-6.299505092517421190e-02
-1.275328227106206747e+00
-1.181988927278000645e+00
-1.017929013125702831e+00
-7.420992236930255004e-01
-2.355887954973230336e-01
-1.263926012780509645e+00
-7.707638126889175822e-01
-9.340641887923863962e-01
-8.773614565257670250e-01
-1.330106855965782486e+00
2.020151357715427309e-01
-5.082251105382811218e-01
8.947306239435359743e-02
1.279076768221143467e-01
5.076210267711855906e-01
-5.348759078281313251e-01
9.601626154420088710e-01
4.175976444788220832e-01
1.041071750192214651e+00
8.612910286131381099e-02
5.374169623278879371e-01
4.796446554873528001e-01
-2.366396620896145109e-01
2.258321480570746331e-01
1.732690786878361422e-01
-1.084214012800959637e+00
4.735456537594018300e-01
2.176562083623911903e-01
-1.004664641353112842e+00
7.120893884299261956e-01
5.064641856462346325e-01
5.415122621145673776e-02
7.976227863601650370e-01
9.581061460006532471e-01
2.027561135725646224e-01
8.535074357322969263e-01
6.845659114074011953e-01
1.064990854105245965e+00
1.363440590511446615e+00
1.912766528572554137e+00
6.896841713178947231e-02
8.203232998389440311e-01
-6.324800521727294011e-01
-4.409158263263179833e-02
-1.580966988566389730e+00
-1.529906046123579166e+00
-3.670539531687291301e-01
-7.739376249471767721e-01
-7.266331291627681210e-01
-1.455153949547356440e+00
-1.060882788203376670e+00
-2.748590353535762532e-01
-4.800744592904200303e-01
-1.275355672732216838e+00
-5.547514035241452035e-02
-5.859839379969606910e-01
-5.144549652336838363e-01
-1.458465124180481354e-01
-2.215829010398948640e+00
-1.902963109029274236e-01
-6.122905452413984762e-01
-4.123081176944642934e-01
-1.782379704025590428e+00
-1.020761895611138392e+00
-1.506391898852649014e+00
-1.059802915672199752e+00
-9.336558096693696740e-01
-7.006174699315117493e-01
-7.411231199308092599e-01
-5.836156793245637076e-01
-9.424356544738508035e-01
-2.185111084223017031e-01
-3.881632380423223339e-01
-8.908178629706080542e-01
-7.955876205546230651e-01
-1.099403340067769186e+00
-5.805153158598788110e-01
-8.885449581938429375e-01
-6.615683432127026364e-01
1.373202613145263484e-01
-6.131053440211973182e-01
-1.449272789052757915e-01
2.868481904115149916e-03
-3.041713814530160320e-01
-4.315820325355632647e-01
-3.830705003754610871e-01
3.550210494425876107e-01
1.517056635292286515e-01
-1.002762472250233294e+00
-5.768249081383087784e-01
-2.607264989120583465e-02
-1.150881249299015252e+00
-1.022000605305128929e-01
-3.314543148334641032e-01
-2.595538909981049969e-01
-6.687091983086856928e-01
-3.239705413054538852e-01
3.807043268692718030e-01
2.219852423989632229e-02
-5.028772173170299453e-01
-9.977880952962072669e-01
-5.334523190058808595e-01
7.839654000956102209e-01
3.629839434896799943e-01
-5.623357552662548997e-01
-6.844462705662301971e-03
-5.284369693434216586e-01
8.891005423964477572e-01
2.725249552164159539e-01
4.426724674276423244e-01
-8.331805721436422729e-01
2.545966484631367877e-02
-5.253649369643271783e-01
-6.099826431888608624e-01
-8.855599295167939644e-01
-1.841985037521771673e-01
-6.521527926173407153e-01
-1.001282543509383061e-01
-4.347401029489139646e-01
8.712711186185639889e-02
1.096602188728956762e-01
-2.949662069744665160e-01
-3.161166466579894418e-01
8.414220620407331097e-02
9.849322084584866133e-02
8.381221284794504456e-01
5.117878475190549281e-01
1.465150561856631839e+00
5.070763031312646163e-01
-4.249675688814686936e-01
1.561143131855907917e+00
6.129484433759246897e-01
5.059766297212897612e-01
2.130599480297856729e-02
5.498810661438646719e-01
-1.270336242204797017e-01
9.475154277594537433e-01
4.755005102463636391e-01
2.989720828751094572e-01
6.363099607318014606e-01
3.957079467762198988e-01
1.692865246000474500e-01
3.387427461401362194e-01
5.379380161657865145e-01
6.309367516240618201e-01
3.667678396664646456e-01
6.842567202796940862e-01
7.191991142014630967e-01
9.356782282051474553e-01
6.764956344989068171e-01
2.886236904720353991e-01
1.165614398913569438e+00
8.440400997244514869e-01
8.433979522614274416e-01
1.088540624135874602e+00
6.030814951714358330e-01
5.478140144784395815e-01
2.067647621645658518e-01
5.798858559688673253e-01
6.757383622063644069e-01
1.115839837176114457e+00
-1.230773461303504845e-01
4.056711714035268201e-01
8.237528988942246500e-01
1.201687756770993154e+00
1.001948655918907249e+00
7.980899379276422678e-01
1.873979086688025042e+00
1.746899373754672524e+00
7.348842549928082946e-01
6.311012640298665488e-01
-1.145842832999006689e-01
2.074928644560043445e+00
1.020995159101587113e+00
5.763823715591964714e-01
9.121425670854863554e-01
9.784671458250988607e-01
8.625653832758564121e-01
8.378038398988856272e-01
2.359893843330116425e-01
1.549611750196208781e+00
3.154363362019312333e-01
8.062905275311722519e-01
6.992761326063199334e-01
1.152900853179794183e+00
7.660829576441088307e-01
8.686614064302142779e-01
1.377440265995169000e+00
7.377372110929121263e-01
3.189300011310303162e-01
3.518867637286424710e-01
1.155992253897846211e-01
1.533397405555930959e+00
6.383924835351244553e-01
1.524846531787981796e+00
1.439953616832814198e+00
9.817303079782782049e-01
1.737178845272556060e+00
2.020248238054603185e+00
1.261749085632385636e+00
1.406520004526560008e+00
1.271314216948820963e+00
1.867737551871014645e+00
1.111685170466945927e+00
1.168863972190496980e+00
6.002905110706056035e-01
5.410936751394803679e-01
-1.013051867112597648e-01
1.598435947950411773e-01
-6.947981578325101992e-02
1.059681465269111555e+00
3.745811016803139992e-01
8.867601709029235835e-01
1.577828638889411828e+00
9.694154620364123787e-01
1.173017726153113394e+00
1.341936634472091328e+00
7.069024415435842812e-01
1.587142125619867450e+00
1.770672267451049109e+00
9.277711899830078934e-01
2.026309060919547100e+00
1.438078904888110188e+00
1.645036150301823596e+00
1.210257876137274202e+00
1.737427592344426230e+00
9.119844084814001661e-01
3.480170530683146524e-01
1.481020089736857059e+00
1.156849208428849529e+00
1.752615446108723773e+00
2.038035261411717869e+00
1.539306086606419655e+00
1.497606807686785224e+00
1.477100863714054135e+00
1.614671422560816971e+00
1.348395291780743577e+00
1.976845257085636298e+00
2.234998319026943570e+00
2.380261466647886515e+00
2.824257390064364159e+00
2.073756754595292406e+00
2.348953500863363075e+00
2.473598670246127895e+00
2.906906376530982605e+00
3.197407326743140210e+00
3.351415399733848055e+00
4.444348937591701798e+00
4.706902234516632255e+00
5.581156852977853688e+00
5.702749520747536494e+00
6.068820365184396159e+00
7.660231326440978705e+00
1.058147951073283721e+01
1.605113611046900246e+01
2.204297013783839532e+01
2.596848486123857924e+01
3.026395813205277818e+01
3.236558162044489251e+01
3.356959954705308746e+01
3.513453827258787499e+01
3.050803899981792711e+01
3.288175246557913312e+01
3.237703414621067566e+01
3.236966897642486174e+01
3.021987733047768643e+01
2.731689573201484933e+01
2.399489105323536009e+01
1.985730924374952622e+01
1.556816805561654249e+01
1.294021594681429477e+01
9.775886421065079546e+00
8.842912784804596527e+00
6.758868937881270966e+00
5.686685304965635623e+00
5.218354296150186755e+00
4.809219172648880658e+00
3.763717177801411573e+00
3.121888994489173896e+00
2.656138595798730684e+00
3.124570995538418217e+00
3.126719802095293765e+00
3.047600458930160627e+00
3.315119952677598292e+00
2.571816087702573306e+00
1.928842559207863516e+00
2.023958702339037963e+00
1.822337654235983706e+00
1.456915058541483177e+00
1.636863036267221183e+00
1.720706636464285566e+00
5.648112479499936001e-01
1.739565509847706970e+00
2.433098169346498807e+00
1.883966250274077936e+00
1.340127995214789536e+00
8.673452752087067452e-01
1.985559864808081443e+00
9.592085305227389114e-01
6.962708822578766998e-01
1.208848144834177241e+00
7.519384377930560248e-01
1.243984348899781267e+00
1.725002791623858833e+00
1.662308440774387108e+00
1.026386303516058085e+00
1.895175930387990704e+00
1.225344210809954149e+00
1.272307238273582719e+00
1.529781577979788310e+00
8.953149536711544343e-01
1.130124740540598971e+00
1.780243486548529042e+00
1.006109076739448049e+00
1.677764788283653274e-01
1.444007908897432024e+00
1.424413111989967007e+00
9.706330311940574163e-01
-1.489077356684624931e-01
-2.672907476798336290e-01
6.794155725350634611e-01
-6.279658511309751390e-01
5.165693898736369860e-01
4.892257693128332363e-01
1.418708381755439341e+00
-4.257760281915601297e-03
-8.080585736168801603e-01
4.157345465811266294e-01
4.847675960523325500e-01
9.100141354342783373e-01
7.752099045342859540e-01
-7.193617407373231742e-02
-4.617637108220922215e-01
3.306578826879613686e-01
3.098575925889868188e-01
3.597609315645771133e-01
-1.057955859700943080e-02
1.201284616756570500e-01
7.149435491351496808e-01
1.256052619593862829e+00
5.360498583353123792e-01
8.625580833070953801e-01
-5.801711133579310342e-01
-3.736533883399584255e-02
1.107567885708991895e+00
1.539498809628738307e+00
2.715874604047590068e-01
-4.156978964405544374e-01
7.828583613178974332e-02
1.267320161972706138e+00
2.108710559136959262e-01
2.152157024635936722e-01
1.132929855944435182e+00
3.278121671606246679e-01
-1.240897871958317467e-01
-8.670394638163836376e-01
-8.052153077012160765e-01
-4.422287532618751627e-01
-4.932613269167243075e-01
-4.700458330509640348e-01
-1.373520545639500767e+00
-3.593196895258339296e-01
-5.509277138349224501e-01
-4.896165026518124463e-01
-1.044615609736051276e+00
-1.473162148972661178e+00
2.448648530338912721e-01
-2.122261091699089164e-01
-2.624146310589496878e-01
-3.756021405575618033e-01
-6.253478143745256901e-01
-9.339188760669703271e-02
3.090742334985980833e-01
-2.274437488767526716e-01
3.210274491670661590e-01
1.299946829249353897e+00
1.021893548473344460e+00
8.451379732155333002e-01
7.321469738947241623e-01
-3.298034896475758870e-01
2.512296559696212128e-01
-4.420461425797004296e-01
3.364433112778559831e-01
-5.359275512876529035e-01
5.892136309791329296e-02
4.405195494392293298e-01
1.439446706892040240e-01
-4.009496622233736929e-01
-3.100347376278440592e-01
4.037415751612138948e-01
-2.001469090877767698e-01
-9.574539931388077463e-01
-4.008957434074478243e-02
-1.388425891731985828e-01
-1.122642592421064123e+00
-3.607954930902153023e-01
6.632834075914608718e-01
-5.283114355932339024e-01
1.944935458840149067e-01
-1.447177255392277040e+00
-1.682603872717711724e-01
-7.871153747013499569e-01
4.345825203991182661e-03
4.870991805224944571e-01
1.486455900839911415e+00
3.882803519997377606e-01
6.968620104677256677e-01
1.349660471535709227e+00
6.433879725994309240e-01
7.805616252501268448e-01
4.188236712374058257e-01
1.054543804470484680e+00
6.671146302425832175e-01
1.028080879213399967e-01
4.523477173009364805e-01
6.021742976434181216e-01
8.963441877691966653e-01
1.123790913522658030e+00
-5.570289257796217086e-01
1.649039521487223325e-01
4.335253591833971853e-01
-5.555512288698922774e-01
6.475252791910968142e-02
1.196423143381055709e-01
-7.553026078710178837e-01
-8.096150412630604976e-01
4.811687158617150573e-02
6.974149599875119065e-01
-6.511140094710201609e-01
1.136033403921566709e+00
9.267415806815897383e-01
2.188367980837586657e-01
2.888592909343987714e-01
1.458036993616477872e+00
-4.026022831902533738e-01
-7.136445440621725922e-01
-2.142911450709998888e-01
-8.092576298533149526e-01
-2.051886913337677143e-01
-9.768447468002738887e-01
6.352229423360622462e-02
-6.840491690882810616e-01
3.397320285344838098e-01
-1.945370586663903723e-01
5.601839513716297958e-01
-1.499703252971356093e-01
3.001609637943669640e-02
-3.698869849544852428e-01
2.789030318032956757e-01
8.308117568685613463e-01
-2.537274257503598918e-01
5.337845088369190805e-01
-8.874035975874106086e-01
7.059355708868428891e-01
-3.189903670610378938e-01
4.440328379705542616e-01
-2.140532356707351980e-01
3.043004235617559061e-01
3.839654257770046542e-01
1.164291568519581155e+00
4.030345328347832989e-01
5.714190262329266190e-01
1.237031225492052577e+00
-3.308586446436310169e-01
-1.700642276545973886e-01
-5.046210086290425778e-01
-2.672547733935601855e-01
-5.407235474556140176e-01
-9.845133162294592566e-01
-2.550019079896932439e-01
9.055864137606794984e-01
2.813055521500293921e-01
-6.408275643845744440e-01
-3.979016863692637074e-01
1.274765761665208608e+00
-2.234572277001625196e-01
-3.573371098470303764e-01
-6.725526527707295088e-01
6.412652579906907846e-02
1.420537323220427695e-01
-3.120275722536662855e-01
8.061971183179315048e-01
5.755001269746742310e-01
4.424277344897564745e-01
6.049187245248166533e-01
7.293177537441906111e-01
2.300820291740528489e-01
5.328852863587805189e-01
4.994784621092520638e-01
-4.102273152487017072e-01
7.530563946937700592e-01
-4.802351898489307658e-01
-6.222958116772838721e-01
-6.899770092519270648e-01
2.104706286262469916e-02
2.512798209490147983e-01
1.041128422660326791e-01
-3.451411960938832735e-01
-2.279052743877798548e-01
8.699950692976532451e-02
-1.309646069246964473e+00
5.977666130165255609e-01
-1.512641495626379395e+00
-9.989494535096188343e-02
-3.045564577612864809e-01
-2.737935038771013296e-01
-2.449133517298447416e-01
-5.786027925728509658e-01
1.363889864894796133e-01
-1.805886766744953853e+00
1.665283673316366730e-01
2.255600736402785245e-01
8.491528054957919736e-01
3.146914036113646063e-01
5.395460509815279693e-01
8.269820245880286080e-01
-2.639306184618250839e-01
-2.216595204259030893e-01
-1.132537437295670912e-01
1.070461763332457572e+00
2.866611182070499808e-02
-9.765075686667614718e-01
-6.211099251364755602e-01
-7.323052774545768528e-02
-8.083267868500128017e-01
-4.764933553889871831e-01
-3.284452174982721573e-02
-3.418732908062116493e-01
4.668759579912604707e-01
5.965032924114019863e-01
1.613657853119843111e-01
6.342300589944733780e-01
5.125632538939166594e-01
1.859963500634238542e+00
4.879908870605640381e-01
4.681944302535994140e-01
-4.249274029086835824e-02
1.440881358446111093e-02
3.883943585490312600e-01
4.849865395788039990e-01
-5.611422996167574340e-01
1.520099818534719205e-01
-1.089879107962265614e+00
-5.338398171722396057e-01
-5.836110817873896295e-02
7.244587378279110368e-02
7.406821714211915264e-01
8.889212827646275628e-01
-5.530499210255666043e-01
-8.066762624749168609e-01
-1.337077690587689105e-01
8.103397183397591519e-01
5.369686785243805716e-01
-1.170826900375467439e+00
1.458067125412627618e-01
-1.653046205601143015e-01
-4.824180110952669409e-01
7.487874880610068118e-02
-5.730839387193089607e-01
-4.333881003863124803e-01
2.914412458881425749e-01
-5.556094435688594402e-01
-1.375485284852242529e-01
1.042855658693023990e+00
1.373450808917180410e-01
3.206913833749842624e-01
8.876574961390195639e-01
