-9.818136155289902689e-01
-1.305116299887715492e+00
-6.908256016224960661e-01
2.085245171925400598e-01
7.015927338745262531e-01
4.188752437029990006e-01
-1.619369526588814168e-01
-2.291780172329263010e-01
-6.062705293492705039e-01
6.585310310082359564e-01
8.774710064269779508e-01
7.864702759554429434e-01
1.362759995602184304e+00
6.403721803652970834e-01
4.638168618986613367e-01
-3.946952189213437379e-02
3.278932545086288286e-02
4.283998213194397664e-01
8.305288155790968574e-01
8.966372714132893051e-01
9.513102420736530007e-01
7.894952488073245789e-01
9.605574556314318002e-01
1.033494247515225339e+00
3.510699571031921096e-01
8.273959165741437971e-01
5.584588784043198473e-02
2.163875480541195273e-01
6.162416781808675026e-01
-2.661951661125740998e-01
4.043384420358435705e-01
2.194728950524265088e-01
3.086980660603284576e-01
4.884470725238987399e-01
8.979990845096530450e-02
-1.976890495666427938e-02
1.854348756419712529e-01
4.517830640866797864e-01
1.232962452539547726e-01
5.228933844522423158e-01
4.515163237246948569e-01
7.734478196793936888e-01
1.123548308119137751e+00
6.727331487380032726e-01
7.025508895964689415e-01
7.514403438210361941e-01
5.927422151500163494e-01
7.338558086289044269e-01
5.846323228506440373e-01
5.942659218618064898e-01
1.488993819690360709e-01
-3.700500376999205088e-02
-2.459687099597509530e-01
8.492704705432885248e-02
6.780725573756436475e-01
3.440668260374994958e-01
4.648803047038736480e-01
2.755147466574783266e-01
2.026525328041728358e-02
3.143898043371171624e-01
-2.163611790756112541e-01
6.095089698058320238e-02
5.877639876415186038e-01
6.104849865705714862e-01
6.209862233415455179e-01
2.036167835733388998e-01
3.868571475158866235e-02
6.731320001335570069e-01
6.168322674978465869e-01
7.798786402981967569e-01
4.130140250786116241e-01
3.960342236952980599e-01
5.760366395889189306e-01
8.130103138044697531e-01
3.923649349136697495e-01
2.528368385324757384e-01
9.131444474790741950e-01
4.916928744146797925e-01
4.211557650177564227e-01
-7.619396546097689793e-02
6.916183180760704374e-02
5.144623790688171994e-01
-3.347642277821227808e-01
-3.447216476750432079e-01
1.949802496235921723e-01
2.009539310389296674e-02
-3.070129893013628930e-02
-4.516776089397058769e-01
9.197078411601555814e-02
-2.169833640848271017e-01
-4.976223453262385021e-02
-2.411845026835717221e-01
3.949812527766898285e-01
-1.532709390292419371e-01
1.975307047886234457e-01
7.106087994858603096e-01
3.182300429995281732e-01
5.682180201596231939e-01
2.985702674591816930e-02
-3.935363510771150430e-02
9.924011463880511030e-02
-1.965742354525028546e-01
1.113081712424150993e-01
6.026892311090605858e-01
1.029560378372176288e-01
1.535190561059414094e-01
4.935946152778214469e-02
5.432873696600042379e-01
1.918239708287883261e-01
2.840655245908028093e-01
3.553797571265251420e-01
5.292712358873936651e-01
-1.928334759274683563e-01
-1.193544545080351682e-01
-9.568163782552741026e-02
-2.797104351948078715e-01
-1.890208724361901460e-01
-1.073070404828166957e-01
-3.958437047327656444e-02
-3.149965092531745725e-01
-4.585530686499783570e-02
-3.158040772434871357e-01
-3.262111599273920248e-01
-3.744467201489500852e-01
-1.640104057562874473e-01
-4.910503341807883615e-01
-5.065262459818429264e-01
5.939659306433053843e-02
8.563718760048999457e-02
1.535234426145795084e-01
3.670645010417885601e-01
2.967354729783355793e-02
-2.131765885823906359e-01
1.866488977070179800e-02
4.613202953852981736e-01
-4.334735647223553201e-02
3.104066214152823022e-03
-2.933338933602334109e-01
-1.877981314271082169e-01
3.262138033059036601e-01
-5.451821359469377626e-02
3.123944474568904894e-01
3.235995985259476626e-01
7.123994031840856778e-01
4.196228000669766089e-01
6.829486340125043853e-01
1.381114894285868644e-01
7.062216076864658021e-02
1.913699254931149341e-01
1.195901907037697498e-01
3.602711857380977989e-01
3.736928449102450145e-01
1.549772344870863350e-01
-8.296984625093095644e-03
-2.189561375266295684e-01
-6.694079561486034891e-01
-2.194211996321406843e-01
-4.681455704171755272e-01
-3.698376349342060720e-01
-5.761703286476898001e-01
-1.483316017580937896e-01
1.124482407526583572e-01
3.337436447008954588e-01
-1.069291435431480863e-01
1.576442388354886148e-01
3.812692700470323715e-01
4.160282070906031748e-01
4.999296360258131955e-02
1.971202221144681133e-01
5.014260755191717323e-01
1.410203628795363429e-01
5.685057990458597388e-01
5.193383174075743014e-01
3.684986268117533825e-01
2.148564888194286482e-01
6.078987381318423644e-02
-4.007835094473986004e-01
-3.201010237820618443e-01
7.101312824209848884e-02
-1.084407187501845726e-01
1.749667229058093909e-02
-2.710758812993994127e-01
-2.169299349091007301e-01
-1.524175240933658415e-01
2.335187694401357206e-01
-2.408196834607609915e-01
1.426655704471890829e-02
1.385746832567553710e-01
-4.506125457302001536e-02
4.992786199498944200e-03
1.244185420558139299e-01
1.697538127715043643e-01
2.016520815569036174e-01
-6.303340657252221035e-02
-1.477777711275107819e-01
-3.377230333906249271e-01
7.902426843221377339e-02
-3.699170229738495408e-01
-5.629953688573419157e-02
-4.699081290556454960e-01
1.802364819825301723e-01
1.491287319416461088e-01
-2.029314619659938757e-01
-3.129007855561463103e-01
-8.823649333654071114e-02
1.397188253196226526e-01
-2.163206447011845057e-03
-1.651790577325842335e-01
4.234970611324317957e-02
-9.376054320189908253e-02
2.079210996773399600e-01
2.637519126627907440e-03
1.609296221638443214e-01
1.522351978629430391e-01
1.677890995255770790e-01
3.145486794421099574e-01
2.363259727032192004e-01
-2.494740017759067285e-02
2.735217264796041547e-02
2.168787995255803125e-01
3.081182555987904692e-02
2.244402098200470874e-02
1.219431682330256450e-01
-1.709588813328641876e-01
-1.133807629424232744e-01
-9.227500181670666990e-02
5.289739177089183286e-01
1.637051503791102647e-01
-8.529550310662781243e-02
-1.454107413074767763e-01
-1.170984716564920092e-01
8.712429309578251235e-02
-5.548516352549892616e-02
-8.620540764362782937e-02
1.052161864650162926e-01
-1.587932663581028692e-01
3.418952303958278094e-03
3.964429124139545735e-02
-3.964415272667931589e-02
3.997753432460964262e-01
5.588018222942441326e-01
3.615912606520064188e-01
5.524019716002026570e-02
1.837692112242752529e-01
1.383692575531512148e-01
1.442135488483691219e-01
9.528778225396550283e-03
2.762122723641757815e-01
2.234623269313331662e-01
4.092995037678965886e-01
2.199769035916796511e-01
1.178788372646764060e-01
-1.105381369279969661e-01
-2.635205288961000036e-01
-3.185454082456331548e-01
3.837771400026568358e-02
-2.035067348475632087e-01
2.917102355508660594e-02
2.733343773630281248e-02
4.906755478630246969e-01
7.429601767439022453e-01
6.631368149067267126e-01
5.897159223925276805e-01
2.190950812903444955e-01
5.065958217546011610e-01
5.921331008862003031e-01
5.501556149025521592e-01
3.148439008291692431e-01
5.370204637137296899e-01
4.500820825901765687e-01
5.013637522486842357e-01
6.959426476295877961e-01
4.413626020217602530e-01
4.656561330711932456e-01
2.169522227771105705e-01
2.624818901172139007e-01
4.542793836489975590e-01
7.500904671026020765e-02
-2.311088290229941222e-01
-9.944874437680084611e-02
4.215387045489560336e-01
3.329653291637306722e-01
2.872910400278589904e-01
5.779281276254657485e-01
5.629673107152877165e-01
6.359017041662351488e-01
4.166021986721348824e-01
7.965349582618266311e-01
6.299929122393450598e-01
5.616379142792888857e-01
3.657365066912134921e-01
2.548496977675274167e-01
5.948521085935247754e-01
3.788142249717871834e-01
6.424887240614083339e-01
3.397900655958725480e-01
6.481868318295855858e-01
9.766001245958717547e-01
7.169388254655384429e-01
8.905797359600065022e-01
6.814990206005706597e-01
4.995962103070201721e-01
5.003458390949724333e-01
2.787761136885000823e-01
7.278953523417852622e-01
3.428150071832494206e-01
-3.168242046033320491e-02
1.612845361471917371e-01
5.156642608308441567e-01
4.205619921996603949e-01
3.665551365023356212e-01
5.951434760378226940e-01
7.966788206260870808e-01
8.461306624771349760e-01
7.225453118687115150e-01
8.665454218218959781e-01
4.813105223028770752e-01
2.549134535857815465e-01
7.086033916211809114e-01
5.853699391269309160e-01
5.205059303791443881e-01
4.301590213595005707e-01
3.615416424060535761e-01
3.764723974571539955e-01
3.025729354060340270e-01
6.709312059177445775e-01
6.027894013970307441e-01
1.105744067190600255e+00
8.812942631136149174e-01
8.285153719166542530e-01
9.427407096955588983e-01
9.740521399670818425e-01
7.897534253384419500e-01
7.434715807954646039e-01
7.079918664781823523e-01
9.309311501798633870e-01
1.335235527782178799e+00
7.112537208351348283e-01
1.185666357630679180e+00
1.207759145206253493e+00
1.026152576874775235e+00
1.061259080341816485e+00
1.080971562586332091e+00
5.606354357779981257e-01
7.864562801113876844e-01
6.190611367323652914e-01
9.866010310811308415e-01
5.571814007054429752e-01
9.724024239725768126e-01
5.695194234941034495e-01
5.027279725990645431e-01
8.461454754483437313e-01
1.041887241230248229e+00
9.701473976975281133e-01
1.185860867265884799e+00
1.322162844644439339e+00
1.122005747046346258e+00
1.286336590844298300e+00
1.302781721917661173e+00
1.128905482182970488e+00
1.351820242819019136e+00
1.305627016217250969e+00
1.447582199862820218e+00
1.472056161801877927e+00
1.754598213664428918e+00
2.051733467174966741e+00
1.725196728123631118e+00
1.569858477065108282e+00
1.748494495523970294e+00
1.630250172291525246e+00
1.404623605446251311e+00
1.809032141808885719e+00
1.675020250120088150e+00
1.750412487943678208e+00
1.875030408221856071e+00
2.045924526638793317e+00
1.971523139927298551e+00
2.060386085772312192e+00
2.235509221719816253e+00
2.534136886777742070e+00
2.772284965819107327e+00
2.689995294384823765e+00
3.051456597560905593e+00
3.048950911724441326e+00
2.755749770700313128e+00
2.593408926435083472e+00
2.891493380060258467e+00
3.172738486908211364e+00
3.306447921743990825e+00
3.244923366693422295e+00
3.307576951677921429e+00
3.021181484014944019e+00
2.983682116416065178e+00
3.263470564918572236e+00
3.248712536303319354e+00
3.075497729082008469e+00
3.025830289752499347e+00
3.042721511642238141e+00
3.273850272393149297e+00
3.240830702885189041e+00
2.806274643478027464e+00
2.827811644083189080e+00
2.948458357587898426e+00
3.542248284448751505e+00
3.328763555636516713e+00
3.368455550740716120e+00
3.102805103472398685e+00
3.375572154709603367e+00
3.668995010442747784e+00
3.483596047552175889e+00
3.129593160766563464e+00
3.595195929445685223e+00
3.585023674810169148e+00
3.167745611677410977e+00
3.451115605520416629e+00
3.141393374100122315e+00
3.695582271246559358e+00
3.472634701607304031e+00
2.837119927234038386e+00
3.315106457198640832e+00
3.013039943930021280e+00
2.744466026968647832e+00
3.107346962322606210e+00
3.091551086307585905e+00
3.150535809805476539e+00
3.285489433797034842e+00
3.017812002334718358e+00
3.661940565187713048e+00
3.539833317772346000e+00
3.386909885510981155e+00
3.215974382411884491e+00
3.238880551548189324e+00
3.230899649470517332e+00
3.146692134200533175e+00
3.259391360792277759e+00
2.886764060248602881e+00
2.689884148905020922e+00
2.857980479470987767e+00
2.547348015320867631e+00
2.823115788112946944e+00
2.598799503776699105e+00
2.751445918438502503e+00
2.877381165318502632e+00
2.986992980975834655e+00
2.563137736598834593e+00
2.593671382949628956e+00
2.876194133269295961e+00
2.857327872499346277e+00
2.813072594987522379e+00
2.501171987451136225e+00
2.454007196306290162e+00
2.387926113322734523e+00
1.673576688732721252e+00
2.103624108439728246e+00
1.841497587285976678e+00
1.753195286313079748e+00
1.837236154977196279e+00
2.218216561435637502e+00
2.290523927935417703e+00
1.725098125636440827e+00
1.916236369594840561e+00
1.748189156921855947e+00
1.808615433226386848e+00
2.185848229390217945e+00
1.452734800537481163e+00
1.519993995471009995e+00
1.514936304111222931e+00
1.703941802599853617e+00
1.256703394026809306e+00
1.404480400835677933e+00
1.550378667934356081e+00
1.402140666262307711e+00
1.507047749979745888e+00
1.579286949313106092e+00
1.645948642446430021e+00
1.415419794611574744e+00
1.230016426823801190e+00
1.613726398190453715e+00
1.801272972402018446e+00
1.549294995009414144e+00
1.649559151250309164e+00
1.984862158432968648e+00
2.193341810359145327e+00
1.577668703476672540e+00
1.815647135737857631e+00
1.677279718475533699e+00
1.915106994658342110e+00
1.802708036287314464e+00
1.375692809271358286e+00
1.940230625090098471e+00
1.752504480988674729e+00
1.513731821793688148e+00
1.372163548836200953e+00
8.490525481960240484e-01
5.666324067907124729e-01
6.838850187107308187e-01
6.736595489263521586e-01
5.101858704028749969e-01
5.221122943659191051e-01
6.933136143513243255e-01
5.396906172915709732e-01
8.149259776125861165e-01
6.934461594591825317e-01
1.088285917628323496e+00
9.755748699333937068e-01
1.018128105945642403e+00
9.791721628708369707e-01
1.333919038128884793e+00
1.545583962285537183e+00
1.535884397855852512e+00
1.411004620893208106e+00
1.512318262823753479e+00
9.276227764297892975e-01
1.097586926861448653e+00
1.051862694058500303e+00
1.390138235472482720e+00
8.763934209601913494e-01
5.631864069721936872e-01
1.265935495090294793e+00
1.105853837153423669e+00
8.465077988811877674e-01
9.923589379255588483e-01
1.286707270335519127e+00
8.889754014658306502e-01
7.569572938390560779e-01
1.126023230934382724e+00
9.557065684769927572e-01
8.154407169036916869e-01
1.127421251174137495e+00
9.258686522211796444e-01
3.031377921465798764e-01
4.941039661849684350e-01
4.000602562455277678e-01
2.829057391832918711e-01
4.648592962841506804e-01
2.855123863077553281e-01
4.711596867659908483e-01
6.191447437941590692e-01
4.589489883012962679e-01
9.938686024005543018e-01
3.593593117307678497e-01
6.952301681909753839e-01
8.048472428865869333e-01
1.029949395313221494e+00
1.376928394120709775e+00
1.239172331021673124e+00
1.310640663757406621e+00
1.034888716998525027e+00
1.228136506956544416e+00
1.237611517782227111e+00
7.772362774288916754e-01
5.222879027720148670e-01
9.707830345781154335e-02
2.811338902621187685e-01
3.338618721197859074e-01
1.453623779957169404e-01
-1.171387144920679191e-01
-2.345493656048853737e-01
3.777972844297217136e-02
3.165597685408627626e-01
4.130181529243541760e-01
-6.120333058874205534e-02
4.760922223787602547e-01
4.226798162889435773e-01
3.659054208094270066e-01
8.115907020315749065e-01
2.942733554128071916e-01
-4.021103776485190906e-02
2.127726812610966078e-01
1.081956413658557992e-01
1.077737474233586568e-01
-3.285130036472860837e-02
-1.970648941933239584e-01
-2.524472939968278595e-01
9.233478323195143389e-02
7.753534631497682739e-02
7.223934605057635849e-02
3.063203078249925326e-01
7.395147634458787422e-02
3.826356899273593015e-01
2.000246932569371694e-01
8.625260640031395809e-02
1.027807615133156105e-01
1.773788278932979523e-01
4.420426649121065310e-01
5.539465670299401623e-01
3.587781535953018519e-01
5.170340756080804567e-01
5.347398450221758637e-01
6.851446871805135785e-01
5.432360151437771734e-01
3.882584200909837691e-01
5.781372599507692556e-01
5.260912305009002310e-01
3.581479354447951735e-01
2.573913195811661225e-01
3.588550466544164763e-01
2.448036387467578123e-01
2.747901128243972479e-01
7.215101591123893598e-01
3.460073704375856707e-01
5.507315460028578968e-01
5.868841301974470070e-01
3.185066842293480249e-01
2.799557921685025264e-01
5.315918572955666832e-01
2.198183919212155502e-01
5.155385028532553093e-01
5.025017075721880389e-01
3.345771414657709997e-01
4.915322714540977245e-01
3.628035541593144231e-01
3.136735930481142631e-01
5.774618670148923272e-01
5.459464575069405967e-01
6.907712385360973428e-01
7.375361790145475993e-01
7.266355449551085144e-01
2.894149690988605528e-01
5.850542263233737827e-01
5.100776073555532975e-01
1.858332991900155662e-01
-2.897850481608532647e-02
3.078640660261857676e-01
-1.155365684978431062e-01
5.374202463868904545e-01
-6.793155617041435335e-02
2.396456178383097324e-01
5.201806729410707320e-01
7.083431899389847075e-02
2.590155307745742874e-01
9.045123781188468826e-02
9.457335780029030303e-02
-5.876588874838351018e-02
5.087588206556965531e-01
-1.806500494959584202e-01
-1.519115856890405070e-01
-5.340267681928052568e-01
-3.335244236301271314e-01
2.074636591891270143e-01
-1.255959808825224400e-01
1.174747557615738458e-01
8.247162494892101847e-03
4.854469578446627409e-01
5.192986920389408567e-01
2.297697785415486749e-01
3.896632390453813599e-01
5.561304604204497792e-02
8.506268947949839898e-01
4.453563656962824524e-01
4.212244216126599383e-01
2.310451743486998666e-01
1.782738249695432486e-01
2.925400839535008402e-01
2.660115967512517443e-01
-3.150267986654702312e-01
5.536416630222174007e-02
-2.288846118500957871e-01
2.605807239356909832e-01
-4.921542603385375969e-02
-3.949069405123122323e-01
-4.932550636572230474e-02
-1.600459030190894971e-01
6.726358857872707375e-01
6.641079095697342005e-01
2.900724790001083520e-01
9.600276624983301588e-01
6.786166981030965495e-01
6.829019201789350291e-01
1.042783515779377002e+00
3.283177885297887677e-01
4.446481311296084371e-01
3.227793559117406730e-01
1.096322304030561412e-02
2.312250100790080864e-01
-1.189209640105719501e-01
-4.570547144120862271e-02
2.775989894409183201e-01
5.671164552984109264e-03
1.483654760912989090e-01
4.517487430692517236e-01
7.367039544005313800e-01
4.690869051981421123e-01
4.120128639451285935e-01
6.883633528035186799e-01
2.316712873651587401e-01
2.709454179046018041e-01
3.011118337983411664e-01
3.529047554264881370e-01
8.699256774765640188e-02
2.857271204195797054e-01
2.439583762303323411e-01
4.905566366663052236e-01
7.040107055597717434e-01
1.545927753303730334e+00
1.129863608877099246e+00
5.332843343279058956e-01
3.336512647639349183e-01
3.903486114030334519e-01
2.169943075470914806e-02
